Date: 15-08-25
Time: 13:50:39 PM

Exp. Conditions:
Cyclic voltammetry
Start potential (V) = .0000
First vertex potential (V) = .5000
Second vertex potential (V) = -.3000
Step potential (V) = .00500
Scan rate (V/s) = .50000
Equilibration time (s) = 
Number of Data Points =  320 

 Potential	  Scan 1   
 0.002145	-1.110840E-05
 0.009726	-2.733765E-06
 0.014709	2.229614E-06
 0.019708	6.933594E-06
 0.024701	1.144409E-05
 0.029694	1.579895E-05
 0.034686	2.004700E-05
 0.039679	2.422180E-05
 0.044675	2.834167E-05
 0.049683	3.242188E-05
 0.054688	3.648071E-05
 0.059692	4.051819E-05
 0.064697	4.455566E-05
 0.069672	4.859314E-05
 0.074677	5.261230E-05
 0.079651	5.667114E-05
 0.084656	6.072998E-05
 0.089630	6.478882E-05
 0.094635	6.887817E-05
 0.099640	7.293701E-05
 0.104614	7.705688E-05
 0.109619	8.114624E-05
 0.114594	8.526611E-05
 0.119598	8.938599E-05
 0.124573	9.353638E-05
 0.129578	9.768677E-05
 0.134552	1.018372E-04
 0.139557	1.059875E-04
 0.144531	1.101379E-04
 0.149536	1.142883E-04
 0.154541	1.184387E-04
 0.159515	1.226196E-04
 0.164520	1.267395E-04
 0.169495	1.308899E-04
 0.174500	1.350098E-04
 0.179474	1.391602E-04
 0.184479	1.432495E-04
 0.189484	1.473389E-04
 0.194458	1.513977E-04
 0.199463	1.554565E-04
 0.204437	1.594849E-04
 0.209442	1.634827E-04
 0.214417	1.674194E-04
 0.219421	1.713562E-04
 0.224426	1.752319E-04
 0.229401	1.790771E-04
 0.234375	1.828613E-04
 0.239380	1.866150E-04
 0.244354	1.902771E-04
 0.249359	1.939087E-04
 0.254364	1.974182E-04
 0.259338	2.008667E-04
 0.264343	2.042236E-04
 0.269318	2.074890E-04
 0.274292	2.106323E-04
 0.279297	2.136841E-04
 0.284302	2.165527E-04
 0.289276	2.193298E-04
 0.294281	2.218933E-04
 0.299255	2.243042E-04
 0.304260	2.265015E-04
 0.309235	2.284851E-04
 0.314240	2.302551E-04
 0.319244	2.317505E-04
 0.324219	2.329407E-04
 0.329224	2.338257E-04
 0.334198	2.343750E-04
 0.339203	2.345276E-04
 0.344177	2.343140E-04
 0.349182	2.336731E-04
 0.354156	2.325745E-04
 0.359161	2.310486E-04
 0.364136	2.290649E-04
 0.369141	2.266541E-04
 0.374115	2.238464E-04
 0.379120	2.206726E-04
 0.384094	2.172546E-04
 0.389099	2.136230E-04
 0.394073	2.098694E-04
 0.399078	2.061157E-04
 0.404083	2.023926E-04
 0.409058	1.987610E-04
 0.414063	1.952820E-04
 0.419037	1.919250E-04
 0.424042	1.887512E-04
 0.429016	1.856995E-04
 0.434021	1.828003E-04
 0.438995	1.800842E-04
 0.444000	1.774597E-04
 0.448975	1.749878E-04
 0.453979	1.726379E-04
 0.458954	1.703491E-04
 0.463959	1.681824E-04
 0.468933	1.660767E-04
 0.473938	1.640625E-04
 0.478912	1.620789E-04
 0.483917	1.601868E-04
 0.488892	1.583252E-04
 0.493896	1.564941E-04
 0.498901	1.546936E-04
 0.500488	1.514893E-04
 0.495117	1.408997E-04
 0.490112	1.326294E-04
 0.485107	1.257935E-04
 0.480103	1.199341E-04
 0.475098	1.148376E-04
 0.470093	1.103516E-04
 0.465088	1.063232E-04
 0.460083	1.026917E-04
 0.455078	9.939575E-05
 0.450073	9.637451E-05
 0.445099	9.359741E-05
 0.440094	9.100342E-05
 0.435059	8.859253E-05
 0.430054	8.633423E-05
 0.425079	8.422852E-05
 0.420074	8.221436E-05
 0.415070	8.032227E-05
 0.410065	7.852173E-05
 0.405060	7.678223E-05
 0.400055	7.513428E-05
 0.395081	7.354736E-05
 0.390076	7.202148E-05
 0.385071	7.055664E-05
 0.380066	6.915283E-05
 0.375061	6.777954E-05
 0.370056	6.646729E-05
 0.365051	6.515503E-05
 0.360046	6.390381E-05
 0.355042	6.268311E-05
 0.350067	6.146240E-05
 0.345062	6.030273E-05
 0.340057	5.914307E-05
 0.335052	5.801392E-05
 0.330048	5.688477E-05
 0.325043	5.581665E-05
 0.320038	5.471802E-05
 0.315063	5.364990E-05
 0.310059	5.261230E-05
 0.305023	5.154419E-05
 0.300049	5.050659E-05
 0.295044	4.949036E-05
 0.290039	4.844666E-05
 0.285034	4.739990E-05
 0.280029	4.635620E-05
 0.275024	4.529724E-05
 0.270050	4.423218E-05
 0.265045	4.315491E-05
 0.260040	4.205627E-05
 0.255035	4.093323E-05
 0.250031	3.979492E-05
 0.245026	3.861694E-05
 0.240021	3.740845E-05
 0.235016	3.616333E-05
 0.230042	3.486938E-05
 0.225037	3.352661E-05
 0.220032	3.212891E-05
 0.215027	3.067017E-05
 0.210022	2.914734E-05
 0.205048	2.754822E-05
 0.200043	2.587891E-05
 0.195038	2.413330E-05
 0.190033	2.229919E-05
 0.185028	2.037964E-05
 0.180023	1.837463E-05
 0.175018	1.626587E-05
 0.170013	1.407166E-05
 0.165009	1.178284E-05
 0.160034	9.396362E-06
 0.155029	6.921387E-06
 0.150024	4.357300E-06
 0.145020	1.687012E-06
 0.140015	-1.069336E-06
 0.135010	-3.915100E-06
 0.130035	-6.857300E-06
 0.125031	-9.872437E-06
 0.120026	-1.296387E-05
 0.115021	-1.614075E-05
 0.110016	-1.937866E-05
 0.105011	-2.270203E-05
 0.100037	-2.607117E-05
 0.095032	-2.951050E-05
 0.090027	-3.301086E-05
 0.085022	-3.656921E-05
 0.080017	-4.017334E-05
 0.075043	-4.382629E-05
 0.070038	-4.752808E-05
 0.065033	-5.133057E-05
 0.060028	-5.508423E-05
 0.055023	-5.889893E-05
 0.050018	-6.277466E-05
 0.045010	-6.665039E-05
 0.040009	-7.055664E-05
 0.035004	-7.449341E-05
 0.030005	-7.843018E-05
 0.025003	-8.239746E-05
 0.020001	-8.636475E-05
 0.015002	-9.036255E-05
 0.009998	-9.436035E-05
 0.004999	-9.835815E-05
 0.000003	-1.023865E-04
 -0.004990	-1.064148E-04
 -0.009998	-1.104126E-04
 -0.015009	-1.144409E-04
 -0.020007	-1.184387E-04
 -0.025006	-1.224060E-04
 -0.030005	-1.264038E-04
 -0.035007	-1.303406E-04
 -0.040012	-1.342773E-04
 -0.045010	-1.381836E-04
 -0.049957	-1.420593E-04
 -0.054962	-1.459045E-04
 -0.059967	-1.497192E-04
 -0.064972	-1.534729E-04
 -0.069977	-1.571960E-04
 -0.074982	-1.608276E-04
 -0.079956	-1.644287E-04
 -0.084961	-1.679382E-04
 -0.089966	-1.713867E-04
 -0.094940	-1.747437E-04
 -0.099976	-1.780090E-04
 -0.104950	-1.811523E-04
 -0.109955	-1.842041E-04
 -0.114960	-1.870728E-04
 -0.119965	-1.898499E-04
 -0.124969	-1.924438E-04
 -0.129974	-1.948242E-04
 -0.134949	-1.970215E-04
 -0.139954	-1.989746E-04
 -0.144958	-2.006836E-04
 -0.149963	-2.020874E-04
 -0.154968	-2.031860E-04
 -0.159943	-2.039185E-04
 -0.164948	-2.042847E-04
 -0.169952	-2.042236E-04
 -0.174957	-2.037048E-04
 -0.179962	-2.027588E-04
 -0.184937	-2.012939E-04
 -0.189941	-1.993103E-04
 -0.194977	-1.968689E-04
 -0.199951	-1.940002E-04
 -0.204956	-1.907349E-04
 -0.209961	-1.871338E-04
 -0.214966	-1.833191E-04
 -0.219940	-1.793823E-04
 -0.224945	-1.753845E-04
 -0.229950	-1.714478E-04
 -0.234955	-1.676025E-04
 -0.239960	-1.638794E-04
 -0.244934	-1.603088E-04
 -0.249939	-1.569214E-04
 -0.254944	-1.537476E-04
 -0.259949	-1.507263E-04
 -0.264954	-1.478882E-04
 -0.269958	-1.452332E-04
 -0.274933	-1.427612E-04
 -0.279938	-1.404114E-04
 -0.284943	-1.382141E-04
 -0.289948	-1.361389E-04
 -0.294952	-1.341858E-04
 -0.296722	-1.314087E-04
 -0.291718	-1.188660E-04
 -0.286743	-1.085510E-04
 -0.281738	-9.997559E-05
 -0.276733	-9.274292E-05
 -0.271759	-8.660889E-05
 -0.266754	-8.135986E-05
 -0.261749	-7.681274E-05
 -0.256775	-7.287598E-05
 -0.251770	-6.942749E-05
 -0.246765	-6.637573E-05
 -0.241791	-6.369019E-05
 -0.236786	-6.130981E-05
 -0.231781	-5.917358E-05
 -0.226807	-5.722046E-05
 -0.221802	-5.548096E-05
 -0.216827	-5.389404E-05
 -0.211823	-5.242920E-05
 -0.206818	-5.108643E-05
 -0.201843	-4.980469E-05
 -0.196838	-4.864502E-05
 -0.191864	-4.754944E-05
 -0.186829	-4.653015E-05
 -0.181854	-4.556885E-05
 -0.176880	-4.465332E-05
 -0.171875	-4.378357E-05
 -0.166870	-4.294434E-05
 -0.161896	-4.214783E-05
 -0.156891	-4.137268E-05
 -0.151886	-4.061584E-05
 -0.146912	-3.988647E-05
 -0.141907	-3.916626E-05
 -0.136932	-3.846436E-05
 -0.131927	-3.775024E-05
 -0.126953	-3.705139E-05
 -0.121948	-3.634033E-05
 -0.116943	-3.562317E-05
 -0.111969	-3.488464E-05
 -0.106995	-3.413086E-05
 -0.101990	-3.334961E-05
 -0.096985	-3.252869E-05
 -0.092010	-3.167114E-05
 -0.087006	-3.076477E-05
 -0.082031	-2.980042E-05
 -0.077026	-2.876892E-05
 -0.072052	-2.766724E-05
 -0.067047	-2.648315E-05
 -0.062073	-2.520752E-05
 -0.057068	-2.383728E-05
 -0.052063	-2.235413E-05
 -0.047159	-2.076111E-05
 -0.042166	-1.905518E-05
 -0.037173	-1.723633E-05
 -0.032181	-1.528320E-05
 -0.027188	-1.321716E-05
 -0.022195	-1.102600E-05
 -0.017200	-8.715820E-06
 -0.012207	-6.286621E-06
 -0.007224	-3.752747E-06
 -0.002225	-1.080017E-06

 Potential	  Scan 2   
 0.002765	1.666870E-06
 0.007773	4.564819E-06
 0.012753	7.501221E-06
 0.017743	1.055908E-05
 0.022736	1.370544E-05
 0.027734	1.693420E-05
 0.032727	2.024231E-05
 0.037717	2.362366E-05
 0.042709	2.706604E-05
 0.047702	3.058167E-05
 0.052734	3.415527E-05
 0.057709	3.778381E-05
 0.062714	4.146423E-05
 0.067719	4.520569E-05
 0.072693	4.897461E-05
 0.077698	5.276489E-05
 0.082703	5.664063E-05
 0.087677	6.051636E-05
 0.092651	6.445313E-05
 0.097656	6.842041E-05
 0.102631	7.238770E-05
 0.107635	7.641602E-05
 0.112640	8.041382E-05
 0.117615	8.447266E-05
 0.122620	8.853149E-05
 0.127594	9.262085E-05
 0.132599	9.667969E-05
 0.137604	1.007690E-04
 0.142578	1.048889E-04
 0.147583	1.089783E-04
 0.152557	1.130981E-04
 0.157532	1.171875E-04
 0.162537	1.212769E-04
 0.167542	1.253662E-04
 0.172516	1.294556E-04
 0.177521	1.335144E-04
 0.182495	1.375732E-04
 0.187500	1.416016E-04
 0.192474	1.456299E-04
 0.197479	1.495972E-04
 0.202454	1.535645E-04
 0.207458	1.574707E-04
 0.212433	1.613464E-04
 0.217438	1.651917E-04
 0.222412	1.689758E-04
 0.227417	1.727295E-04
 0.232391	1.764221E-04
 0.237396	1.800232E-04
 0.242371	1.835938E-04
 0.247375	1.870728E-04
 0.252380	1.904602E-04
 0.257355	1.937256E-04
 0.262360	1.969299E-04
 0.267334	2.000122E-04
 0.272339	2.029419E-04
 0.277313	2.057190E-04
 0.282318	2.083740E-04
 0.287292	2.108459E-04
 0.292297	2.131348E-04
 0.297272	2.151794E-04
 0.302277	2.170105E-04
 0.307251	2.185974E-04
 0.312256	2.198792E-04
 0.317261	2.208862E-04
 0.322235	2.215271E-04
 0.327240	2.218018E-04
 0.332245	2.216797E-04
 0.337219	2.211609E-04
 0.342194	2.201843E-04
 0.347198	2.187195E-04
 0.352173	2.168274E-04
 0.357178	2.144775E-04
 0.362152	2.116699E-04
 0.367157	2.085266E-04
 0.372162	2.050476E-04
 0.377136	2.013550E-04
 0.382141	1.975098E-04
 0.387115	1.936340E-04
 0.392120	1.897888E-04
 0.397095	1.860046E-04
 0.402100	1.823730E-04
 0.407074	1.788330E-04
 0.412079	1.755066E-04
 0.417053	1.723022E-04
 0.422058	1.692810E-04
 0.427032	1.664124E-04
 0.432037	1.636658E-04
 0.437012	1.610718E-04
 0.442017	1.585693E-04
 0.447021	1.562195E-04
 0.451996	1.539612E-04
 0.456970	1.517944E-04
 0.461975	1.497192E-04
 0.466980	1.477051E-04
 0.471954	1.457520E-04
 0.476929	1.438904E-04
 0.481934	1.420593E-04
 0.486908	1.403198E-04
 0.491913	1.385803E-04
 0.496918	1.369019E-04
 0.501709	1.352539E-04
 0.496613	1.261902E-04
 0.491608	1.176453E-04
 0.486603	1.107788E-04
 0.481598	1.050110E-04
 0.476593	1.000671E-04
 0.471588	9.576416E-05
 0.466583	9.191895E-05
 0.461578	8.850098E-05
 0.456573	8.541870E-05
 0.451569	8.258057E-05
 0.446564	7.998657E-05
 0.441559	7.757568E-05
 0.436554	7.537842E-05
 0.431549	7.327271E-05
 0.426544	7.131958E-05
 0.421570	6.945801E-05
 0.416565	6.771851E-05
 0.411560	6.607056E-05
 0.406555	6.448364E-05
 0.401550	6.295776E-05
 0.396545	6.152344E-05
 0.391541	6.011963E-05
 0.386536	5.877686E-05
 0.381531	5.746460E-05
 0.376556	5.621338E-05
 0.371552	5.499268E-05
 0.366547	5.383301E-05
 0.361542	5.267334E-05
 0.356537	5.154419E-05
 0.351532	5.044556E-05
 0.346527	4.941711E-05
 0.341553	4.836731E-05
 0.336517	4.733582E-05
 0.331543	4.632874E-05
 0.326538	4.532776E-05
 0.321533	4.434814E-05
 0.316528	4.338074E-05
 0.311523	4.241943E-05
 0.306519	4.146423E-05
 0.301514	4.051819E-05
 0.296509	3.957214E-05
 0.291504	3.862915E-05
 0.286530	3.768921E-05
 0.281525	3.675232E-05
 0.276520	3.580017E-05
 0.271515	3.483887E-05
 0.266510	3.388062E-05
 0.261536	3.290405E-05
 0.256531	3.190613E-05
 0.251526	3.089294E-05
 0.246521	2.985840E-05
 0.241516	2.878723E-05
 0.236511	2.769165E-05
 0.231506	2.655334E-05
 0.226532	2.537231E-05
 0.221527	2.415161E-05
 0.216522	2.287903E-05
 0.211517	2.154236E-05
 0.206512	2.014160E-05
 0.201508	1.867371E-05
 0.196503	1.713867E-05
 0.191528	1.552734E-05
 0.186523	1.382751E-05
 0.181488	1.203918E-05
 0.176514	1.016846E-05
 0.171509	8.203125E-06
 0.166504	6.140137E-06
 0.161499	3.991394E-06
 0.156525	1.732178E-06
 0.151520	-6.207275E-07
 0.146515	-3.067017E-06
 0.141510	-5.630493E-06
 0.136505	-8.270264E-06
 0.131500	-1.101074E-05
 0.126495	-1.383057E-05
 0.121521	-1.674194E-05
 0.116516	-1.974182E-05
 0.111511	-2.281494E-05
 0.106506	-2.597351E-05
 0.101501	-2.920837E-05
 0.096527	-3.250732E-05
 0.091522	-3.587341E-05
 0.086517	-3.930359E-05
 0.081512	-4.279175E-05
 0.076538	-4.633484E-05
 0.071503	-4.995728E-05
 0.066528	-5.361938E-05
 0.061493	-5.731201E-05
 0.056488	-6.106567E-05
 0.051514	-6.481934E-05
 0.046500	-6.863403E-05
 0.041495	-7.247925E-05
 0.036493	-7.635498E-05
 0.031494	-8.023071E-05
 0.026492	-8.416748E-05
 0.021490	-8.807373E-05
 0.016489	-9.204102E-05
 0.011487	-9.600830E-05
 0.006506	-9.997559E-05
 0.001486	-1.040039E-04
 -0.003503	-1.079712E-04
 -0.008514	-1.119690E-04
 -0.013519	-1.159668E-04
 -0.018518	-1.199646E-04
 -0.023517	-1.239624E-04
 -0.028522	-1.279297E-04
 -0.033524	-1.318970E-04
 -0.038519	-1.358643E-04
 -0.043521	-1.397705E-04
 -0.048523	-1.436768E-04
 -0.053467	-1.475525E-04
 -0.058472	-1.513977E-04
 -0.063477	-1.552124E-04
 -0.068481	-1.589661E-04
 -0.073486	-1.626892E-04
 -0.078461	-1.663513E-04
 -0.083466	-1.699829E-04
 -0.088470	-1.735229E-04
 -0.093475	-1.769714E-04
 -0.098450	-1.803589E-04
 -0.103455	-1.836548E-04
 -0.108490	-1.868286E-04
 -0.113464	-1.899109E-04
 -0.118469	-1.928711E-04
 -0.123474	-1.956482E-04
 -0.128479	-1.983032E-04
 -0.133453	-2.007751E-04
 -0.138458	-2.030334E-04
 -0.143463	-2.050781E-04
 -0.148468	-2.068787E-04
 -0.153473	-2.084045E-04
 -0.158447	-2.096252E-04
 -0.163452	-2.105103E-04
 -0.168457	-2.110291E-04
 -0.173462	-2.111511E-04
 -0.178467	-2.108459E-04
 -0.183472	-2.100525E-04
 -0.188477	-2.088318E-04
 -0.193481	-2.070923E-04
 -0.198456	-2.048950E-04
 -0.203461	-2.022095E-04
 -0.208466	-1.991272E-04
 -0.213470	-1.956787E-04
 -0.218475	-1.919861E-04
 -0.223480	-1.880798E-04
 -0.228455	-1.840820E-04
 -0.233459	-1.800537E-04
 -0.238464	-1.761169E-04
 -0.243469	-1.722717E-04
 -0.248444	-1.685791E-04
 -0.253448	-1.650391E-04
 -0.258453	-1.616821E-04
 -0.263458	-1.585083E-04
 -0.268463	-1.555176E-04
 -0.273468	-1.527100E-04
 -0.278442	-1.500549E-04
 -0.283447	-1.475525E-04
 -0.288452	-1.452332E-04
 -0.293457	-1.430664E-04
 -0.298462	-1.410217E-04
 -0.294678	-1.318359E-04
 -0.289673	-1.204834E-04
 -0.284668	-1.111145E-04
 -0.279694	-1.032410E-04
 -0.274689	-9.658813E-05
 -0.269684	-9.091187E-05
 -0.264709	-8.602905E-05
 -0.259705	-8.181763E-05
 -0.254730	-7.812500E-05
 -0.249725	-7.485962E-05
 -0.244720	-7.199097E-05
 -0.239746	-6.942749E-05
 -0.234741	-6.713867E-05
 -0.229736	-6.509399E-05
 -0.224762	-6.320190E-05
 -0.219757	-6.149292E-05
 -0.214752	-5.993652E-05
 -0.209778	-5.847168E-05
 -0.204773	-5.715942E-05
 -0.199799	-5.590820E-05
 -0.194794	-5.474854E-05
 -0.189819	-5.361938E-05
 -0.184814	-5.258179E-05
 -0.179810	-5.160522E-05
 -0.174805	-5.065918E-05
 -0.169830	-4.973145E-05
 -0.164825	-4.886169E-05
 -0.159851	-4.802246E-05
 -0.154846	-4.721069E-05
 -0.149872	-4.641418E-05
 -0.144867	-4.563293E-05
 -0.139893	-4.486084E-05
 -0.134888	-4.409180E-05
 -0.129913	-4.332886E-05
 -0.124908	-4.255676E-05
 -0.119904	-4.176941E-05
 -0.114929	-4.097290E-05
 -0.109924	-4.015503E-05
 -0.104919	-3.930054E-05
 -0.099945	-3.841858E-05
 -0.094940	-3.750305E-05
 -0.089966	-3.652649E-05
 -0.084961	-3.548889E-05
 -0.079987	-3.439026E-05
 -0.074982	-3.321838E-05
 -0.070007	-3.195801E-05
 -0.065002	-3.060913E-05
 -0.059998	-2.916565E-05
 -0.055023	-2.761841E-05
 -0.050018	-2.595520E-05
 -0.045111	-2.417908E-05
 -0.040121	-2.228394E-05
 -0.035126	-2.026978E-05
 -0.030130	-1.813660E-05
 -0.025137	-1.588440E-05
 -0.020148	-1.351624E-05
 -0.015152	-1.103516E-05
 -0.010159	-8.435059E-06
 -0.005157	-5.734253E-06
 -0.000177	-2.925720E-06

 Potential	  Scan 3   
 0.004816	-1.159668E-08
 0.009808	2.994995E-06
 0.014804	6.091309E-06
 0.019797	9.265137E-06
 0.024789	1.253052E-05
 0.029782	1.586304E-05
 0.034775	1.927185E-05
 0.039764	2.274780E-05
 0.044760	2.628174E-05
 0.049744	2.987976E-05
 0.054779	3.353577E-05
 0.059784	3.723755E-05
 0.064758	4.098816E-05
 0.069763	4.478149E-05
 0.074738	4.861450E-05
 0.079742	5.249023E-05
 0.084747	5.636597E-05
 0.089722	6.033325E-05
 0.094727	6.430054E-05
 0.099701	6.829834E-05
 0.104706	7.229614E-05
 0.109680	7.632446E-05
 0.114685	8.038330E-05
 0.119659	8.444214E-05
 0.124664	8.853149E-05
 0.129669	9.262085E-05
 0.134644	9.674072E-05
 0.139648	1.008301E-04
 0.144623	1.049500E-04
 0.149597	1.090393E-04
 0.154602	1.131287E-04
 0.159576	1.172485E-04
 0.164581	1.213379E-04
 0.169586	1.254272E-04
 0.174561	1.294861E-04
 0.179565	1.335449E-04
 0.184540	1.375732E-04
 0.189545	1.415710E-04
 0.194550	1.455688E-04
 0.199524	1.495361E-04
 0.204529	1.534424E-04
 0.209503	1.573181E-04
 0.214508	1.611633E-04
 0.219513	1.649475E-04
 0.224487	1.687012E-04
 0.229462	1.723938E-04
 0.234467	1.759949E-04
 0.239441	1.795349E-04
 0.244446	1.830139E-04
 0.249451	1.863708E-04
 0.254425	1.896667E-04
 0.259430	1.928406E-04
 0.264404	1.958923E-04
 0.269409	1.988220E-04
 0.274384	2.015991E-04
 0.279388	2.042542E-04
 0.284363	2.066956E-04
 0.289368	2.089539E-04
 0.294342	2.109985E-04
 0.299316	2.127991E-04
 0.304321	2.143555E-04
 0.309326	2.156067E-04
 0.314331	2.165527E-04
 0.319305	2.171631E-04
 0.324310	2.174072E-04
 0.329285	2.172241E-04
 0.334290	2.166443E-04
 0.339264	2.156067E-04
 0.344269	2.141113E-04
 0.349243	2.121277E-04
 0.354248	2.097168E-04
 0.359222	2.068787E-04
 0.364227	2.036438E-04
 0.369202	2.001343E-04
 0.374207	1.964111E-04
 0.379181	1.925659E-04
 0.384186	1.886597E-04
 0.389191	1.847839E-04
 0.394165	1.810303E-04
 0.399170	1.773987E-04
 0.404144	1.738586E-04
 0.409119	1.705322E-04
 0.414124	1.673584E-04
 0.419128	1.643066E-04
 0.424103	1.614380E-04
 0.429108	1.587219E-04
 0.434082	1.560974E-04
 0.439087	1.536255E-04
 0.444092	1.512756E-04
 0.449066	1.489868E-04
 0.454041	1.468201E-04
 0.459045	1.447449E-04
 0.464020	1.427002E-04
 0.469025	1.407776E-04
 0.474030	1.388855E-04
 0.479004	1.370544E-04
 0.484009	1.352844E-04
 0.488983	1.335754E-04
 0.493958	1.318665E-04
 0.498962	1.302490E-04
 0.500488	1.271973E-04
 0.495178	1.169739E-04
 0.490204	1.092529E-04
 0.485168	1.029358E-04
 0.480164	9.759521E-05
 0.475189	9.301758E-05
 0.470184	8.898926E-05
 0.465179	8.544922E-05
 0.460175	8.224487E-05
 0.455170	7.934570E-05
 0.450165	7.669067E-05
 0.445160	7.424927E-05
 0.440155	7.199097E-05
 0.435150	6.988525E-05
 0.430145	6.793213E-05
 0.425140	6.607056E-05
 0.420135	6.430054E-05
 0.415131	6.265259E-05
 0.410156	6.106567E-05
 0.405151	5.957031E-05
 0.400146	5.810547E-05
 0.395142	5.676270E-05
 0.390137	5.541992E-05
 0.385132	5.413818E-05
 0.380127	5.288696E-05
 0.375122	5.169678E-05
 0.370117	5.053711E-05
 0.365143	4.942322E-05
 0.360138	4.832153E-05
 0.355133	4.724121E-05
 0.350128	4.618835E-05
 0.345123	4.515991E-05
 0.340118	4.414673E-05
 0.335114	4.316406E-05
 0.330109	4.218445E-05
 0.325134	4.122009E-05
 0.320129	4.027405E-05
 0.315125	3.933716E-05
 0.310120	3.841553E-05
 0.305115	3.749084E-05
 0.300110	3.657837E-05
 0.295105	3.566589E-05
 0.290100	3.475952E-05
 0.285126	3.384399E-05
 0.280121	3.292847E-05
 0.275116	3.200989E-05
 0.270111	3.109131E-05
 0.265106	3.015442E-05
 0.260101	2.920532E-05
 0.255096	2.823792E-05
 0.250122	2.725830E-05
 0.245117	2.624817E-05
 0.240112	2.521362E-05
 0.235107	2.415466E-05
 0.230103	2.304993E-05
 0.225098	2.190857E-05
 0.220093	2.071838E-05
 0.215118	1.947632E-05
 0.210114	1.817932E-05
 0.205109	1.681824E-05
 0.200104	1.539307E-05
 0.195099	1.389160E-05
 0.190094	1.231689E-05
 0.185089	1.066589E-05
 0.180084	8.926392E-06
 0.175079	7.095337E-06
 0.170105	5.166626E-06
 0.165100	3.160706E-06
 0.160095	1.046448E-06
 0.155090	-1.173706E-06
 0.150085	-3.480835E-06
 0.145111	-5.895996E-06
 0.140106	-8.410645E-06
 0.135101	-1.101379E-05
 0.130096	-1.370850E-05
 0.125092	-1.650085E-05
 0.120087	-1.937866E-05
 0.115112	-2.234192E-05
 0.110107	-2.538452E-05
 0.105103	-2.850952E-05
 0.100098	-3.171997E-05
 0.095093	-3.498840E-05
 0.090118	-3.833008E-05
 0.085114	-4.173889E-05
 0.080109	-4.520569E-05
 0.075104	-4.873047E-05
 0.070099	-5.236816E-05
 0.065094	-5.596924E-05
 0.060089	-5.966187E-05
 0.055084	-6.338501E-05
 0.050079	-6.713867E-05
 0.045084	-7.092285E-05
 0.040082	-7.476807E-05
 0.035083	-7.861328E-05
 0.030078	-8.248901E-05
 0.025079	-8.639526E-05
 0.020078	-9.033203E-05
 0.015073	-9.426880E-05
 0.010074	-9.823608E-05
 0.005072	-1.021729E-04
 0.000073	-1.062012E-04
 -0.004919	-1.101685E-04
 -0.009927	-1.141663E-04
 -0.014929	-1.181641E-04
 -0.019931	-1.221313E-04
 -0.024933	-1.261292E-04
 -0.029935	-1.300964E-04
 -0.034933	-1.340637E-04
 -0.039935	-1.380310E-04
 -0.044940	-1.419373E-04
 -0.049896	-1.458435E-04
 -0.054871	-1.497192E-04
 -0.059875	-1.535645E-04
 -0.064880	-1.573792E-04
 -0.069885	-1.611633E-04
 -0.074890	-1.648560E-04
 -0.079895	-1.685486E-04
 -0.084900	-1.721497E-04
 -0.089874	-1.756897E-04
 -0.094879	-1.791687E-04
 -0.099884	-1.825562E-04
 -0.104889	-1.858521E-04
 -0.109894	-1.890564E-04
 -0.114899	-1.921387E-04
 -0.119873	-1.950989E-04
 -0.124878	-1.979065E-04
 -0.129883	-2.005920E-04
 -0.134888	-2.030640E-04
 -0.139893	-2.053528E-04
 -0.144897	-2.074280E-04
 -0.149872	-2.092896E-04
 -0.154877	-2.108459E-04
 -0.159882	-2.120972E-04
 -0.164886	-2.130432E-04
 -0.169891	-2.135925E-04
 -0.174896	-2.138062E-04
 -0.179871	-2.135620E-04
 -0.184875	-2.128601E-04
 -0.189880	-2.117004E-04
 -0.194885	-2.100525E-04
 -0.199890	-2.079163E-04
 -0.204895	-2.053223E-04
 -0.209900	-2.023010E-04
 -0.214874	-1.989136E-04
 -0.219879	-1.952515E-04
 -0.224884	-1.913757E-04
 -0.229889	-1.873779E-04
 -0.234894	-1.833801E-04
 -0.239899	-1.794128E-04
 -0.244873	-1.755066E-04
 -0.249878	-1.717834E-04
 -0.254883	-1.682129E-04
 -0.259888	-1.647949E-04
 -0.264893	-1.615906E-04
 -0.269867	-1.585693E-04
 -0.274872	-1.557007E-04
 -0.279877	-1.530457E-04
 -0.284882	-1.505127E-04
 -0.289886	-1.481323E-04
 -0.294891	-1.459351E-04
 -0.297974	-1.437378E-04
 -0.292969	-1.314697E-04
 -0.287994	-1.207275E-04
 -0.282990	-1.118164E-04
 -0.277985	-1.043396E-04
 -0.273010	-9.799194E-05
 -0.268005	-9.252930E-05
 -0.263000	-8.782959E-05
 -0.258026	-8.377075E-05
 -0.253021	-8.020020E-05
 -0.248016	-7.705688E-05
 -0.243042	-7.427979E-05
 -0.238037	-7.177734E-05
 -0.233063	-6.954956E-05
 -0.228058	-6.750488E-05
 -0.223083	-6.567383E-05
 -0.218079	-6.399536E-05
 -0.213074	-6.243896E-05
 -0.208099	-6.100464E-05
 -0.203094	-5.969238E-05
 -0.198090	-5.844116E-05
 -0.193115	-5.728149E-05
 -0.188110	-5.615234E-05
 -0.183105	-5.514526E-05
 -0.178131	-5.413818E-05
 -0.173126	-5.319214E-05
 -0.168121	-5.227661E-05
 -0.163147	-5.139160E-05
 -0.158142	-5.053711E-05
 -0.153168	-4.966736E-05
 -0.148163	-4.884949E-05
 -0.143188	-4.804382E-05
 -0.138184	-4.725037E-05
 -0.133179	-4.645386E-05
 -0.128204	-4.565735E-05
 -0.123199	-4.485779E-05
 -0.118225	-4.403687E-05
 -0.113220	-4.319763E-05
 -0.108246	-4.233093E-05
 -0.103241	-4.143677E-05
 -0.098267	-4.050293E-05
 -0.093292	-3.952026E-05
 -0.088287	-3.847656E-05
 -0.083282	-3.737793E-05
 -0.078308	-3.620300E-05
 -0.073303	-3.494568E-05
 -0.068329	-3.360291E-05
 -0.063324	-3.216858E-05
 -0.058319	-3.062439E-05
 -0.053345	-2.897644E-05
 -0.048422	-2.721558E-05
 -0.043430	-2.533569E-05
 -0.038440	-2.334900E-05
 -0.033447	-2.123108E-05
 -0.028452	-1.899719E-05
 -0.023456	-1.664734E-05
 -0.018466	-1.418152E-05
 -0.013474	-1.160583E-05
 -0.008475	-8.926392E-06
 -0.003479	-6.112671E-06

 Potential	  Scan 4   
 0.001505	-3.248901E-06
 0.006516	-2.566528E-07
 0.011487	2.809143E-06
 0.016483	5.975342E-06
 0.021478	9.219360E-06
 0.026471	1.254578E-05
 0.031464	1.593933E-05
 0.036450	1.939697E-05
 0.041446	2.292480E-05
 0.046439	2.650452E-05
 0.051453	3.014221E-05
 0.056458	3.383789E-05
 0.061432	3.757629E-05
 0.066437	4.135742E-05
 0.071442	4.518127E-05
 0.076416	4.905396E-05
 0.081421	5.294800E-05
 0.086426	5.685425E-05
 0.091400	6.082153E-05
 0.096405	6.481934E-05
 0.101379	6.884766E-05
 0.106384	7.287598E-05
 0.111359	7.693481E-05
 0.116364	8.099365E-05
 0.121338	8.505249E-05
 0.126343	8.914185E-05
 0.131348	9.323120E-05
 0.136322	9.735107E-05
 0.141327	1.014709E-04
 0.146301	1.055603E-04
 0.151276	1.096802E-04
 0.156281	1.137695E-04
 0.161285	1.178894E-04
 0.166260	1.219788E-04
 0.171265	1.260376E-04
 0.176239	1.300964E-04
 0.181244	1.341248E-04
 0.186218	1.381531E-04
 0.191223	1.421509E-04
 0.196198	1.461182E-04
 0.201202	1.500549E-04
 0.206177	1.539307E-04
 0.211182	1.578064E-04
 0.216187	1.615906E-04
 0.221161	1.653748E-04
 0.226166	1.690674E-04
 0.231140	1.726990E-04
 0.236145	1.762695E-04
 0.241119	1.797485E-04
 0.246124	1.831665E-04
 0.251099	1.864929E-04
 0.256104	1.896973E-04
 0.261078	1.928101E-04
 0.266083	1.958008E-04
 0.271057	1.986084E-04
 0.276062	2.012939E-04
 0.281067	2.038269E-04
 0.286041	2.061462E-04
 0.291016	2.082520E-04
 0.296021	2.101440E-04
 0.300995	2.117920E-04
 0.306000	2.131348E-04
 0.310974	2.142029E-04
 0.315979	2.149353E-04
 0.320984	2.153015E-04
 0.325958	2.152405E-04
 0.330963	2.148132E-04
 0.335938	2.139282E-04
 0.340942	2.125549E-04
 0.345917	2.107544E-04
 0.350922	2.084656E-04
 0.355896	2.057495E-04
 0.360901	2.026367E-04
 0.365906	1.992188E-04
 0.370880	1.955261E-04
 0.375854	1.917114E-04
 0.380859	1.878052E-04
 0.385834	1.839294E-04
 0.390839	1.801147E-04
 0.395844	1.763916E-04
 0.400818	1.728210E-04
 0.405792	1.694336E-04
 0.410797	1.661682E-04
 0.415771	1.630859E-04
 0.420776	1.601563E-04
 0.425781	1.573486E-04
 0.430756	1.546936E-04
 0.435760	1.521606E-04
 0.440735	1.497498E-04
 0.445740	1.474304E-04
 0.450745	1.452332E-04
 0.455719	1.430969E-04
 0.460693	1.410217E-04
 0.465698	1.390686E-04
 0.470673	1.371460E-04
 0.475677	1.352844E-04
 0.480652	1.334839E-04
 0.485657	1.317444E-04
 0.490631	1.300354E-04
 0.495636	1.283569E-04
 0.501099	1.267395E-04
 0.499878	1.214600E-04
 0.494629	1.120605E-04
 0.489655	1.047363E-04
 0.484650	9.875488E-05
 0.479645	9.368896E-05
 0.474640	8.929443E-05
 0.469635	8.547974E-05
 0.464630	8.206177E-05
 0.459625	7.897949E-05
 0.454620	7.620239E-05
 0.449615	7.363892E-05
 0.444611	7.128906E-05
 0.439606	6.909180E-05
 0.434601	6.707764E-05
 0.429596	6.515503E-05
 0.424591	6.335449E-05
 0.419586	6.164551E-05
 0.414581	6.005859E-05
 0.409576	5.850220E-05
 0.404602	5.703735E-05
 0.399597	5.566406E-05
 0.394592	5.429077E-05
 0.389587	5.300903E-05
 0.384583	5.175781E-05
 0.379578	5.053711E-05
 0.374573	4.940796E-05
 0.369568	4.826660E-05
 0.364563	4.715881E-05
 0.359589	4.608154E-05
 0.354584	4.503479E-05
 0.349579	4.399719E-05
 0.344574	4.299011E-05
 0.339569	4.200134E-05
 0.334564	4.102783E-05
 0.329559	4.007874E-05
 0.324585	3.912964E-05
 0.319580	3.820190E-05
 0.314575	3.728638E-05
 0.309570	3.637390E-05
 0.304565	3.546753E-05
 0.299561	3.456726E-05
 0.294556	3.367310E-05
 0.289551	3.277893E-05
 0.284546	3.188477E-05
 0.279572	3.098450E-05
 0.274567	3.007813E-05
 0.269562	2.917480E-05
 0.264557	2.824707E-05
 0.259552	2.731628E-05
 0.254547	2.637024E-05
 0.249542	2.539978E-05
 0.244537	2.441101E-05
 0.239563	2.339172E-05
 0.234558	2.233887E-05
 0.229553	2.125854E-05
 0.224548	2.012939E-05
 0.219543	1.896362E-05
 0.214539	1.773987E-05
 0.209564	1.646423E-05
 0.204529	1.512756E-05
 0.199554	1.372375E-05
 0.194550	1.224976E-05
 0.189545	1.069336E-05
 0.184540	9.066772E-06
 0.179535	7.348633E-06
 0.174530	5.541992E-06
 0.169525	3.658752E-06
 0.164551	1.658020E-06
 0.159546	-4.254150E-07
 0.154541	-2.615356E-06
 0.149536	-4.901123E-06
 0.144531	-7.296753E-06
 0.139526	-9.777832E-06
 0.134521	-1.236572E-05
 0.129547	-1.503906E-05
 0.124542	-1.780396E-05
 0.119537	-2.066650E-05
 0.114532	-2.361145E-05
 0.109528	-2.662964E-05
 0.104523	-2.973938E-05
 0.099548	-3.292236E-05
 0.094543	-3.618469E-05
 0.089539	-3.950806E-05
 0.084534	-4.290161E-05
 0.079529	-4.634399E-05
 0.074554	-4.986572E-05
 0.069550	-5.346680E-05
 0.064545	-5.706787E-05
 0.059540	-6.076050E-05
 0.054535	-6.445313E-05
 0.049530	-6.820679E-05
 0.044525	-7.199097E-05
 0.039517	-7.580566E-05
 0.034518	-7.965088E-05
 0.029520	-8.352661E-05
 0.024518	-8.743286E-05
 0.019513	-9.133911E-05
 0.014511	-9.527588E-05
 0.009512	-9.924316E-05
 0.004517	-1.031799E-04
 -0.000488	-1.071777E-04
 -0.005481	-1.111450E-04
 -0.010489	-1.151733E-04
 -0.015494	-1.191406E-04
 -0.020493	-1.231384E-04
 -0.025488	-1.271362E-04
 -0.030490	-1.311035E-04
 -0.035489	-1.350708E-04
 -0.040497	-1.390076E-04
 -0.045496	-1.429443E-04
 -0.050446	-1.468506E-04
 -0.055450	-1.507263E-04
 -0.060455	-1.545715E-04
 -0.065460	-1.583862E-04
 -0.070465	-1.621399E-04
 -0.075439	-1.658630E-04
 -0.080444	-1.695557E-04
 -0.085449	-1.731567E-04
 -0.090454	-1.767273E-04
 -0.095428	-1.802063E-04
 -0.100433	-1.835938E-04
 -0.105438	-1.869202E-04
 -0.110443	-1.901245E-04
 -0.115448	-1.932068E-04
 -0.120453	-1.961975E-04
 -0.125458	-1.990051E-04
 -0.130432	-2.016907E-04
 -0.135437	-2.041931E-04
 -0.140442	-2.065125E-04
 -0.145447	-2.086182E-04
 -0.150452	-2.104797E-04
 -0.155426	-2.120667E-04
 -0.160431	-2.133789E-04
 -0.165436	-2.143555E-04
 -0.170441	-2.149658E-04
 -0.175446	-2.152100E-04
 -0.180450	-2.150269E-04
 -0.185425	-2.143860E-04
 -0.190430	-2.132874E-04
 -0.195435	-2.117004E-04
 -0.200439	-2.096252E-04
 -0.205444	-2.070923E-04
 -0.210449	-2.041321E-04
 -0.215424	-2.008057E-04
 -0.220428	-1.971436E-04
 -0.225433	-1.932983E-04
 -0.230438	-1.893311E-04
 -0.235443	-1.853027E-04
 -0.240448	-1.813354E-04
 -0.245422	-1.774292E-04
 -0.250427	-1.736755E-04
 -0.255432	-1.700745E-04
 -0.260437	-1.666260E-04
 -0.265442	-1.633911E-04
 -0.270447	-1.603394E-04
 -0.275421	-1.574402E-04
 -0.280426	-1.547546E-04
 -0.285431	-1.521912E-04
 -0.290436	-1.498108E-04
 -0.295441	-1.475830E-04
 -0.297455	-1.447754E-04
 -0.292480	-1.320190E-04
 -0.287476	-1.215210E-04
 -0.282471	-1.127319E-04
 -0.277496	-1.053772E-04
 -0.272491	-9.912109E-05
 -0.267487	-9.375000E-05
 -0.262512	-8.911133E-05
 -0.257507	-8.508301E-05
 -0.252502	-8.154297E-05
 -0.247528	-7.843018E-05
 -0.242523	-7.568359E-05
 -0.237518	-7.318115E-05
 -0.232544	-7.095337E-05
 -0.227539	-6.893921E-05
 -0.222565	-6.710815E-05
 -0.217560	-6.542969E-05
 -0.212555	-6.390381E-05
 -0.207581	-6.246948E-05
 -0.202576	-6.112671E-05
 -0.197571	-5.987549E-05
 -0.192596	-5.871582E-05
 -0.187592	-5.761719E-05
 -0.182587	-5.654907E-05
 -0.177612	-5.557251E-05
 -0.172607	-5.459595E-05
 -0.167633	-5.368042E-05
 -0.162628	-5.279541E-05
 -0.157654	-5.194092E-05
 -0.152649	-5.108643E-05
 -0.147675	-5.026245E-05
 -0.142670	-4.941711E-05
 -0.137665	-4.860229E-05
 -0.132690	-4.779968E-05
 -0.127686	-4.698181E-05
 -0.122711	-4.616699E-05
 -0.117706	-4.532776E-05
 -0.112701	-4.446716E-05
 -0.107727	-4.358215E-05
 -0.102722	-4.266052E-05
 -0.097748	-4.169922E-05
 -0.092743	-4.068604E-05
 -0.087769	-3.961487E-05
 -0.082764	-3.847961E-05
 -0.077789	-3.726807E-05
 -0.072784	-3.598022E-05
 -0.067810	-3.459473E-05
 -0.062805	-3.311462E-05
 -0.057800	-3.153076E-05
 -0.052826	-2.984009E-05
 -0.047903	-2.803345E-05
 -0.042905	-2.611084E-05
 -0.037912	-2.406616E-05
 -0.032922	-2.190857E-05
 -0.027930	-1.962891E-05
 -0.022937	-1.723633E-05
 -0.017941	-1.473083E-05
 -0.012949	-1.211548E-05
 -0.007959	-9.396362E-06
 -0.002960	-6.552124E-06

 Potential	  Scan 5   
 0.002020	-3.653259E-06
 0.007037	-6.179810E-07
 0.012009	2.474365E-06
 0.017007	5.673218E-06
 0.022000	8.944702E-06
 0.026990	1.229248E-05
 0.031982	1.571045E-05
 0.036978	1.919250E-05
 0.041971	2.274170E-05
 0.046960	2.633972E-05
 0.051971	3.000183E-05
 0.056976	3.370667E-05
 0.061981	3.746338E-05
 0.066986	4.125977E-05
 0.071960	4.510193E-05
 0.076965	4.898071E-05
 0.081940	5.285645E-05
 0.086914	5.682373E-05
 0.091919	6.079102E-05
 0.096924	6.478882E-05
 0.101898	6.881714E-05
 0.106903	7.284546E-05
 0.111877	7.690430E-05
 0.116882	8.096313E-05
 0.121887	8.505249E-05
 0.126862	8.914185E-05
 0.131866	9.326172E-05
 0.136841	9.735107E-05
 0.141815	1.014709E-04
 0.146820	1.055908E-04
 0.151794	1.097107E-04
 0.156799	1.138000E-04
 0.161804	1.178894E-04
 0.166779	1.219788E-04
 0.171783	1.260376E-04
 0.176758	1.300964E-04
 0.181763	1.341248E-04
 0.186737	1.381531E-04
 0.191742	1.421204E-04
 0.196747	1.460876E-04
 0.201721	1.499939E-04
 0.206726	1.539001E-04
 0.211700	1.577454E-04
 0.216705	1.615295E-04
 0.221680	1.652527E-04
 0.226685	1.689453E-04
 0.231659	1.725769E-04
 0.236664	1.761169E-04
 0.241638	1.795959E-04
 0.246643	1.829834E-04
 0.251648	1.862793E-04
 0.256622	1.894531E-04
 0.261597	1.925354E-04
 0.266602	1.954651E-04
 0.271606	1.982422E-04
 0.276581	2.008972E-04
 0.281586	2.033386E-04
 0.286560	2.055969E-04
 0.291565	2.076416E-04
 0.296539	2.094727E-04
 0.301544	2.110291E-04
 0.306519	2.123108E-04
 0.311523	2.132568E-04
 0.316528	2.138977E-04
 0.321503	2.141418E-04
 0.326508	2.139893E-04
 0.331482	2.134094E-04
 0.336456	2.124023E-04
 0.341461	2.109070E-04
 0.346466	2.089539E-04
 0.351440	2.065125E-04
 0.356445	2.036743E-04
 0.361420	2.004700E-04
 0.366425	1.969604E-04
 0.371399	1.932068E-04
 0.376404	1.893616E-04
 0.381378	1.854553E-04
 0.386383	1.815491E-04
 0.391357	1.777649E-04
 0.396362	1.740723E-04
 0.401337	1.705627E-04
 0.406342	1.671753E-04
 0.411316	1.639709E-04
 0.416321	1.609192E-04
 0.421295	1.580200E-04
 0.426300	1.552429E-04
 0.431274	1.526184E-04
 0.436279	1.501160E-04
 0.441284	1.477356E-04
 0.446259	1.454163E-04
 0.451263	1.432190E-04
 0.456238	1.411133E-04
 0.461243	1.390686E-04
 0.466217	1.371155E-04
 0.471222	1.351929E-04
 0.476196	1.333313E-04
 0.481201	1.315613E-04
 0.486176	1.297913E-04
 0.491180	1.280823E-04
 0.496155	1.264038E-04
 0.497406	1.233521E-04
 0.492401	1.131897E-04
 0.487396	1.054688E-04
 0.482391	9.921265E-05
 0.477386	9.393311E-05
 0.472382	8.938599E-05
 0.467377	8.541870E-05
 0.462372	8.190918E-05
 0.457367	7.873535E-05
 0.452362	7.589722E-05
 0.447357	7.327271E-05
 0.442352	7.086182E-05
 0.437347	6.866455E-05
 0.432343	6.658936E-05
 0.427338	6.463623E-05
 0.422333	6.280518E-05
 0.417328	6.109619E-05
 0.412354	5.947876E-05
 0.407349	5.792236E-05
 0.402344	5.642700E-05
 0.397339	5.502319E-05
 0.392334	5.368042E-05
 0.387329	5.236816E-05
 0.382355	5.108643E-05
 0.377319	4.986572E-05
 0.372345	4.872742E-05
 0.367340	4.757996E-05
 0.362335	4.646606E-05
 0.357330	4.537354E-05
 0.352325	4.432068E-05
 0.347321	4.328308E-05
 0.342316	4.226379E-05
 0.337341	4.126892E-05
 0.332336	4.029236E-05
 0.327332	3.932800E-05
 0.322327	3.838196E-05
 0.317322	3.744812E-05
 0.312317	3.652039E-05
 0.307312	3.560486E-05
 0.302307	3.469238E-05
 0.297302	3.378906E-05
 0.292297	3.289185E-05
 0.287323	3.198853E-05
 0.282318	3.108521E-05
 0.277313	3.018188E-05
 0.272308	2.926636E-05
 0.267303	2.834167E-05
 0.262299	2.741699E-05
 0.257324	2.647095E-05
 0.252319	2.550964E-05
 0.247314	2.453003E-05
 0.242310	2.351990E-05
 0.237305	2.249146E-05
 0.232300	2.142334E-05
 0.227295	2.032166E-05
 0.222290	1.917725E-05
 0.217316	1.799011E-05
 0.212311	1.673584E-05
 0.207306	1.543579E-05
 0.202301	1.407776E-05
 0.197296	1.264038E-05
 0.192291	1.113281E-05
 0.187286	9.552002E-06
 0.182281	7.891846E-06
 0.177307	6.140137E-06
 0.172302	4.310303E-06
 0.167297	2.375183E-06
 0.162292	3.433228E-07
 0.157288	-1.780701E-06
 0.152283	-4.010620E-06
 0.147308	-6.332397E-06
 0.142303	-8.755493E-06
 0.137299	-1.127625E-05
 0.132294	-1.389465E-05
 0.127289	-1.660461E-05
 0.122314	-1.940308E-05
 0.117310	-2.228699E-05
 0.112305	-2.526550E-05
 0.107300	-2.831726E-05
 0.102295	-3.145142E-05
 0.097290	-3.466187E-05
 0.092316	-3.794556E-05
 0.087311	-4.129639E-05
 0.082306	-4.470520E-05
 0.077301	-4.817810E-05
 0.072296	-5.175781E-05
 0.067322	-5.532837E-05
 0.062317	-5.895996E-05
 0.057312	-6.265259E-05
 0.052307	-6.637573E-05
 0.047287	-7.012939E-05
 0.042285	-7.394409E-05
 0.037286	-7.775879E-05
 0.032285	-8.160400E-05
 0.027283	-8.551025E-05
 0.022281	-8.941650E-05
 0.017282	-9.332275E-05
 0.012277	-9.729004E-05
 0.007297	-1.012268E-04
 0.002280	-1.051941E-04
 -0.002719	-1.091919E-04
 -0.007724	-1.131897E-04
 -0.012723	-1.171570E-04
 -0.017722	-1.211548E-04
 -0.022726	-1.251526E-04
 -0.027731	-1.291199E-04
 -0.032730	-1.330872E-04
 -0.037729	-1.370544E-04
 -0.042731	-1.409912E-04
 -0.047729	-1.448975E-04
 -0.052673	-1.488037E-04
 -0.057678	-1.526794E-04
 -0.062683	-1.565247E-04
 -0.067688	-1.603088E-04
 -0.072693	-1.640625E-04
 -0.077698	-1.677856E-04
 -0.082672	-1.714172E-04
 -0.087677	-1.750183E-04
 -0.092682	-1.785583E-04
 -0.097687	-1.820068E-04
 -0.102692	-1.853638E-04
 -0.107697	-1.886597E-04
 -0.112671	-1.918335E-04
 -0.117676	-1.948853E-04
 -0.122681	-1.978149E-04
 -0.127686	-2.005920E-04
 -0.132690	-2.032166E-04
 -0.137665	-2.056580E-04
 -0.142670	-2.078857E-04
 -0.147675	-2.099304E-04
 -0.152679	-2.117004E-04
 -0.157684	-2.131958E-04
 -0.162689	-2.143860E-04
 -0.167664	-2.152710E-04
 -0.172668	-2.157593E-04
 -0.177673	-2.158508E-04
 -0.182678	-2.155151E-04
 -0.187653	-2.147217E-04
 -0.192688	-2.134705E-04
 -0.197662	-2.117004E-04
 -0.202667	-2.095032E-04
 -0.207672	-2.068176E-04
 -0.212677	-2.037048E-04
 -0.217682	-2.002563E-04
 -0.222656	-1.965332E-04
 -0.227661	-1.926575E-04
 -0.232666	-1.886292E-04
 -0.237671	-1.846313E-04
 -0.242676	-1.806641E-04
 -0.247681	-1.768188E-04
 -0.252686	-1.730957E-04
 -0.257690	-1.695557E-04
 -0.262665	-1.661987E-04
 -0.267670	-1.629944E-04
 -0.272675	-1.600037E-04
 -0.277679	-1.571655E-04
 -0.282654	-1.545410E-04
 -0.287659	-1.520386E-04
 -0.292664	-1.496887E-04
 -0.297668	-1.474915E-04
 -0.295898	-1.404114E-04
 -0.290894	-1.285400E-04
 -0.285919	-1.187134E-04
 -0.280914	-1.105347E-04
 -0.275909	-1.036072E-04
 -0.270935	-9.771729E-05
 -0.265930	-9.262085E-05
 -0.260925	-8.822632E-05
 -0.255951	-8.441162E-05
 -0.250946	-8.102417E-05
 -0.245941	-7.806396E-05
 -0.240967	-7.540894E-05
 -0.235962	-7.305908E-05
 -0.230988	-7.089233E-05
 -0.225983	-6.896973E-05
 -0.220978	-6.719971E-05
 -0.216003	-6.558228E-05
 -0.210999	-6.405640E-05
 -0.205994	-6.268311E-05
 -0.201019	-6.137085E-05
 -0.196014	-6.015015E-05
 -0.191040	-5.902100E-05
 -0.186035	-5.792236E-05
 -0.181030	-5.688477E-05
 -0.176056	-5.590820E-05
 -0.171051	-5.496216E-05
 -0.166077	-5.404663E-05
 -0.161072	-5.316162E-05
 -0.156067	-5.230713E-05
 -0.151093	-5.148315E-05
 -0.146088	-5.065918E-05
 -0.141113	-4.980774E-05
 -0.136108	-4.899597E-05
 -0.131134	-4.818726E-05
 -0.126129	-4.736023E-05
 -0.121124	-4.653320E-05
 -0.116150	-4.568176E-05
 -0.111145	-4.481201E-05
 -0.106171	-4.391174E-05
 -0.101166	-4.296875E-05
 -0.096161	-4.198303E-05
 -0.091187	-4.094543E-05
 -0.086182	-3.984985E-05
 -0.081207	-3.867798E-05
 -0.076233	-3.743286E-05
 -0.071228	-3.609924E-05
 -0.066223	-3.467712E-05
 -0.061249	-3.314819E-05
 -0.056244	-3.151855E-05
 -0.051239	-2.977295E-05
 -0.046338	-2.791443E-05
 -0.041345	-2.594299E-05
 -0.036353	-2.384949E-05
 -0.031360	-2.164001E-05
 -0.026367	-1.930847E-05
 -0.021375	-1.686707E-05
 -0.016379	-1.431580E-05
 -0.011392	-1.165161E-05
 -0.006396	-8.889771E-06
 -0.001404	-6.011963E-06
