Date: 15-08-25
Time: 14:13:07 PM

Exp. Conditions:
Cyclic voltammetry
Start potential (V) = .0000
First vertex potential (V) = .5000
Second vertex potential (V) = -.3000
Step potential (V) = .00500
Scan rate (V/s) = .39987
Equilibration time (s) = 
Number of Data Points =  320 

 Potential	  Scan 1   
 0.002100	-8.300781E-06
 0.009665	5.908203E-06
 0.014658	7.833862E-06
 0.019659	9.213257E-06
 0.024658	1.051025E-05
 0.029660	1.193542E-05
 0.034656	1.349182E-05
 0.039645	1.531982E-05
 0.044644	1.739197E-05
 0.049622	1.977234E-05
 0.054657	2.254028E-05
 0.059631	2.567749E-05
 0.064636	2.927551E-05
 0.069641	3.335876E-05
 0.074615	3.795471E-05
 0.079590	4.308777E-05
 0.084595	4.884644E-05
 0.089600	5.511475E-05
 0.094574	6.201172E-05
 0.099579	6.951904E-05
 0.104553	7.757568E-05
 0.109558	8.621216E-05
 0.114532	9.536743E-05
 0.119507	1.050720E-04
 0.124512	1.152039E-04
 0.129517	1.257935E-04
 0.134491	1.367493E-04
 0.139496	1.480713E-04
 0.144470	1.596069E-04
 0.149475	1.713562E-04
 0.154449	1.832581E-04
 0.159454	1.952209E-04
 0.164459	2.072144E-04
 0.169434	2.190857E-04
 0.174438	2.308350E-04
 0.179443	2.423096E-04
 0.184418	2.533875E-04
 0.189423	2.640686E-04
 0.194427	2.742310E-04
 0.199402	2.837219E-04
 0.204407	2.924805E-04
 0.209381	3.002930E-04
 0.214386	3.073730E-04
 0.219360	3.128967E-04
 0.224365	3.171997E-04
 0.229370	3.200684E-04
 0.234344	3.213806E-04
 0.239349	3.210754E-04
 0.244324	3.191223E-04
 0.249329	3.154907E-04
 0.254333	3.103333E-04
 0.259308	3.038635E-04
 0.264313	2.963867E-04
 0.269318	2.881165E-04
 0.274292	2.794800E-04
 0.279297	2.708130E-04
 0.284271	2.622375E-04
 0.289276	2.540283E-04
 0.294250	2.462463E-04
 0.299255	2.389221E-04
 0.304230	2.321167E-04
 0.309235	2.258606E-04
 0.314240	2.200012E-04
 0.319214	2.146301E-04
 0.324219	2.096252E-04
 0.329193	2.049561E-04
 0.334198	2.006226E-04
 0.339172	1.965942E-04
 0.344177	1.928101E-04
 0.349152	1.892395E-04
 0.354156	1.859131E-04
 0.359131	1.827393E-04
 0.364136	1.797791E-04
 0.369110	1.769714E-04
 0.374115	1.742554E-04
 0.379089	1.716919E-04
 0.384094	1.692810E-04
 0.389099	1.669312E-04
 0.394073	1.646729E-04
 0.399048	1.625366E-04
 0.404053	1.604614E-04
 0.409058	1.584778E-04
 0.414032	1.564941E-04
 0.419037	1.546021E-04
 0.424011	1.527710E-04
 0.428986	1.509705E-04
 0.433990	1.492310E-04
 0.438995	1.475220E-04
 0.443970	1.458130E-04
 0.448975	1.441650E-04
 0.453949	1.425171E-04
 0.458954	1.408997E-04
 0.463928	1.392822E-04
 0.468933	1.376953E-04
 0.473907	1.361389E-04
 0.478912	1.346130E-04
 0.483917	1.330566E-04
 0.488892	1.315308E-04
 0.493866	1.300049E-04
 0.498871	1.285095E-04
 0.500488	1.218567E-04
 0.495117	1.072083E-04
 0.490112	1.008606E-04
 0.485107	9.643555E-05
 0.480103	9.286499E-05
 0.475098	8.987427E-05
 0.470062	8.724976E-05
 0.465057	8.486938E-05
 0.460052	8.267212E-05
 0.455048	8.065796E-05
 0.450073	7.873535E-05
 0.445068	7.693481E-05
 0.440063	7.519531E-05
 0.435028	7.354736E-05
 0.430023	7.192993E-05
 0.425018	7.034302E-05
 0.420044	6.884766E-05
 0.415009	6.735229E-05
 0.410034	6.588745E-05
 0.405029	6.445313E-05
 0.400024	6.301880E-05
 0.395020	6.164551E-05
 0.390015	6.027222E-05
 0.385010	5.889893E-05
 0.380005	5.755615E-05
 0.375000	5.618286E-05
 0.369995	5.487061E-05
 0.364990	5.352783E-05
 0.359985	5.221558E-05
 0.354980	5.090332E-05
 0.350006	4.962158E-05
 0.344971	4.826050E-05
 0.339996	4.690552E-05
 0.334991	4.553833E-05
 0.329987	4.417114E-05
 0.324982	4.277344E-05
 0.319977	4.071655E-05
 0.314972	3.967896E-05
 0.309967	3.822327E-05
 0.304962	3.669739E-05
 0.299957	3.507996E-05
 0.294952	3.341980E-05
 0.289948	3.167114E-05
 0.284943	2.983704E-05
 0.279968	2.788391E-05
 0.274933	2.579346E-05
 0.269958	2.360535E-05
 0.264954	2.125244E-05
 0.259949	1.865845E-05
 0.254944	1.585999E-05
 0.249939	1.282959E-05
 0.244934	9.524536E-06
 0.239929	5.917358E-06
 0.234955	1.984863E-06
 0.229950	-2.316589E-06
 0.224945	-6.994629E-06
 0.219940	-1.211853E-05
 0.214966	-1.769409E-05
 0.209961	-2.374268E-05
 0.204956	-3.023071E-05
 0.199951	-3.723145E-05
 0.194946	-4.472961E-05
 0.189941	-5.276489E-05
 0.184937	-6.124878E-05
 0.179932	-7.015991E-05
 0.174927	-7.955933E-05
 0.169952	-8.932495E-05
 0.164948	-9.942627E-05
 0.159943	-1.099243E-04
 0.154938	-1.206360E-04
 0.149933	-1.315308E-04
 0.144928	-1.426086E-04
 0.139923	-1.537476E-04
 0.134918	-1.649170E-04
 0.129944	-1.760254E-04
 0.124939	-1.869507E-04
 0.119934	-1.976318E-04
 0.114929	-2.079773E-04
 0.109924	-2.178955E-04
 0.104919	-2.272644E-04
 0.099945	-2.359009E-04
 0.094940	-2.437744E-04
 0.089935	-2.507019E-04
 0.084930	-2.565002E-04
 0.079926	-2.610779E-04
 0.074921	-2.642212E-04
 0.069916	-2.658081E-04
 0.064911	-2.656555E-04
 0.059906	-2.637024E-04
 0.054901	-2.599182E-04
 0.049866	-2.544556E-04
 0.044864	-2.475891E-04
 0.039850	-2.395935E-04
 0.034845	-2.308655E-04
 0.029834	-2.218323E-04
 0.024829	-2.128296E-04
 0.019821	-2.040710E-04
 0.014816	-1.958008E-04
 0.009811	-1.881104E-04
 0.004807	-1.809082E-04
 -0.000195	-1.744080E-04
 -0.005194	-1.682739E-04
 -0.010202	-1.628113E-04
 -0.015210	-1.577148E-04
 -0.020218	-1.530151E-04
 -0.025220	-1.487122E-04
 -0.030219	-1.447144E-04
 -0.035223	-1.410217E-04
 -0.040228	-1.376343E-04
 -0.045233	-1.343994E-04
 -0.050171	-1.314087E-04
 -0.055176	-1.286316E-04
 -0.060181	-1.261292E-04
 -0.065186	-1.235962E-04
 -0.070190	-1.213379E-04
 -0.075195	-1.192322E-04
 -0.080200	-1.172180E-04
 -0.085205	-1.153259E-04
 -0.090179	-1.135559E-04
 -0.095184	-1.118774E-04
 -0.100189	-1.102600E-04
 -0.105194	-1.087646E-04
 -0.110199	-1.073303E-04
 -0.115204	-1.059570E-04
 -0.120209	-1.046448E-04
 -0.125214	-1.034546E-04
 -0.130219	-1.022644E-04
 -0.135193	-1.011353E-04
 -0.140198	-1.000671E-04
 -0.145203	-9.906006E-05
 -0.150208	-9.808350E-05
 -0.155212	-9.713745E-05
 -0.160217	-9.628296E-05
 -0.165192	-9.539795E-05
 -0.170227	-9.460449E-05
 -0.175201	-9.381104E-05
 -0.180206	-9.304810E-05
 -0.185211	-9.234619E-05
 -0.190216	-9.164429E-05
 -0.195221	-9.097290E-05
 -0.200226	-9.033203E-05
 -0.205231	-8.975220E-05
 -0.210236	-8.914185E-05
 -0.215240	-8.862305E-05
 -0.220215	-8.807373E-05
 -0.225220	-8.755493E-05
 -0.230225	-8.706665E-05
 -0.235229	-8.660889E-05
 -0.240234	-8.615112E-05
 -0.245239	-8.569336E-05
 -0.250244	-8.529663E-05
 -0.255249	-8.489990E-05
 -0.260254	-8.453369E-05
 -0.265259	-8.419800E-05
 -0.270233	-8.386230E-05
 -0.275238	-8.352661E-05
 -0.280243	-8.325195E-05
 -0.285248	-8.297729E-05
 -0.290253	-8.270264E-05
 -0.295258	-8.248901E-05
 -0.296661	-7.495117E-05
 -0.291687	-4.053040E-05
 -0.286682	-3.055420E-05
 -0.281677	-2.715149E-05
 -0.276672	-2.562561E-05
 -0.271667	-2.478027E-05
 -0.266663	-2.409973E-05
 -0.261688	-2.354126E-05
 -0.256683	-2.304688E-05
 -0.251678	-2.264709E-05
 -0.246674	-2.223816E-05
 -0.241699	-2.190247E-05
 -0.236694	-2.157898E-05
 -0.231689	-2.125549E-05
 -0.226715	-2.096863E-05
 -0.221710	-2.070007E-05
 -0.216705	-2.041931E-05
 -0.211731	-2.016296E-05
 -0.206726	-1.993713E-05
 -0.201752	-1.970825E-05
 -0.196747	-1.949463E-05
 -0.191742	-1.929626E-05
 -0.186737	-1.911011E-05
 -0.181763	-1.892090E-05
 -0.176758	-1.875305E-05
 -0.171783	-1.856995E-05
 -0.166779	-1.839294E-05
 -0.161804	-1.824036E-05
 -0.156799	-1.809082E-05
 -0.151794	-1.793213E-05
 -0.146820	-1.779175E-05
 -0.141815	-1.763611E-05
 -0.136841	-1.750793E-05
 -0.131836	-1.737671E-05
 -0.126862	-1.726379E-05
 -0.121857	-1.713257E-05
 -0.116852	-1.701355E-05
 -0.111877	-1.693115E-05
 -0.106873	-1.668396E-05
 -0.101898	-1.658325E-05
 -0.096893	-1.646423E-05
 -0.091919	-1.634521E-05
 -0.086914	-1.622314E-05
 -0.081940	-1.608582E-05
 -0.076935	-1.596985E-05
 -0.071930	-1.582336E-05
 -0.066956	-1.568909E-05
 -0.061951	-1.552429E-05
 -0.056946	-1.536255E-05
 -0.051971	-1.517029E-05
 -0.047058	-1.496582E-05
 -0.042059	-1.472168E-05
 -0.037070	-1.448669E-05
 -0.032077	-1.419983E-05
 -0.027084	-1.389160E-05
 -0.022089	-1.350708E-05
 -0.017099	-1.308899E-05
 -0.012106	-1.261902E-05
 -0.007117	-1.212158E-05
 -0.002121	-1.148987E-05

 Potential	  Scan 2   
 0.002872	-1.081238E-05
 0.007874	-9.927368E-06
 0.012854	-9.121704E-06
 0.017847	-8.026123E-06
 0.022833	-6.805420E-06
 0.027826	-5.383301E-06
 0.032813	-3.761292E-06
 0.037805	-1.877136E-06
 0.042795	2.896118E-07
 0.047787	2.806091E-06
 0.052826	5.700684E-06
 0.057800	8.966064E-06
 0.062805	1.269226E-05
 0.067780	1.690369E-05
 0.072754	2.163696E-05
 0.077759	2.690430E-05
 0.082733	3.274231E-05
 0.087738	3.915710E-05
 0.092712	4.617615E-05
 0.097717	5.377197E-05
 0.102692	6.195068E-05
 0.107697	7.070923E-05
 0.112671	7.995605E-05
 0.117676	8.972168E-05
 0.122650	9.994507E-05
 0.127625	1.105957E-04
 0.132629	1.216125E-04
 0.137604	1.329346E-04
 0.142609	1.445313E-04
 0.147614	1.563721E-04
 0.152588	1.683655E-04
 0.157593	1.803894E-04
 0.162598	1.923828E-04
 0.167572	2.043152E-04
 0.172577	2.160950E-04
 0.177582	2.276001E-04
 0.182556	2.387390E-04
 0.187561	2.494507E-04
 0.192566	2.595825E-04
 0.197540	2.691040E-04
 0.202545	2.778320E-04
 0.207520	2.856750E-04
 0.212524	2.925110E-04
 0.217499	2.981262E-04
 0.222504	3.024597E-04
 0.227478	3.056335E-04
 0.232483	3.069458E-04
 0.237488	3.066711E-04
 0.242462	3.047180E-04
 0.247467	3.011475E-04
 0.252472	2.960510E-04
 0.257477	2.896423E-04
 0.262451	2.821655E-04
 0.267456	2.739563E-04
 0.272430	2.653809E-04
 0.277435	2.566833E-04
 0.282410	2.481384E-04
 0.287415	2.398987E-04
 0.292389	2.320862E-04
 0.297394	2.247620E-04
 0.302368	2.179565E-04
 0.307373	2.116699E-04
 0.312347	2.058411E-04
 0.317352	2.003784E-04
 0.322357	1.954041E-04
 0.327332	1.907349E-04
 0.332336	1.863708E-04
 0.337311	1.823425E-04
 0.342316	1.785278E-04
 0.347290	1.749573E-04
 0.352264	1.716309E-04
 0.357269	1.684875E-04
 0.362274	1.654968E-04
 0.367249	1.626892E-04
 0.372253	1.599731E-04
 0.377228	1.574097E-04
 0.382233	1.549683E-04
 0.387207	1.526489E-04
 0.392181	1.504211E-04
 0.397186	1.482849E-04
 0.402191	1.462097E-04
 0.407166	1.442566E-04
 0.412170	1.423035E-04
 0.417145	1.404724E-04
 0.422150	1.386719E-04
 0.427124	1.369324E-04
 0.432129	1.352234E-04
 0.437103	1.335449E-04
 0.442108	1.319580E-04
 0.447113	1.303711E-04
 0.452087	1.288147E-04
 0.457092	1.272888E-04
 0.462067	1.257935E-04
 0.467072	1.242981E-04
 0.472046	1.228638E-04
 0.477020	1.214294E-04
 0.482025	1.200256E-04
 0.487000	1.186523E-04
 0.492004	1.172485E-04
 0.497009	1.159058E-04
 0.502014	1.145630E-04
 0.496948	9.817505E-05
 0.491943	9.069824E-05
 0.486938	8.596802E-05
 0.481934	8.236694E-05
 0.476929	7.937622E-05
 0.471924	7.678223E-05
 0.466919	7.443237E-05
 0.461914	7.232666E-05
 0.456909	7.037354E-05
 0.451904	6.854248E-05
 0.446899	6.680298E-05
 0.441895	6.515503E-05
 0.436890	6.356812E-05
 0.431854	6.201172E-05
 0.426849	6.051636E-05
 0.421875	5.908203E-05
 0.416840	5.764771E-05
 0.411865	5.627441E-05
 0.406860	5.493164E-05
 0.401855	5.361938E-05
 0.396851	5.227661E-05
 0.391846	5.096436E-05
 0.386841	4.968262E-05
 0.381836	4.845886E-05
 0.376831	4.719238E-05
 0.371826	4.592285E-05
 0.366821	4.467163E-05
 0.361816	4.339905E-05
 0.356812	4.149170E-05
 0.351807	4.067993E-05
 0.346802	3.943787E-05
 0.341827	3.816528E-05
 0.336792	3.688049E-05
 0.331818	3.555298E-05
 0.326813	3.421936E-05
 0.321808	3.289185E-05
 0.316803	3.150330E-05
 0.311798	3.007202E-05
 0.306793	2.861938E-05
 0.301788	2.711792E-05
 0.296783	2.556458E-05
 0.291779	2.391663E-05
 0.286804	2.220154E-05
 0.281769	2.036438E-05
 0.276764	1.842041E-05
 0.271790	1.634521E-05
 0.266785	1.412354E-05
 0.261780	1.174316E-05
 0.256775	9.127808E-06
 0.251770	6.289673E-06
 0.246765	3.220825E-06
 0.241791	-1.339722E-07
 0.236786	-3.840332E-06
 0.231781	-7.867432E-06
 0.226776	-1.226196E-05
 0.221771	-1.708069E-05
 0.216766	-2.233276E-05
 0.211792	-2.800903E-05
 0.206787	-3.418884E-05
 0.201782	-4.085693E-05
 0.196777	-4.802551E-05
 0.191772	-5.569458E-05
 0.186768	-6.384277E-05
 0.181763	-7.244873E-05
 0.176758	-8.154297E-05
 0.171753	-9.103394E-05
 0.166779	-1.008911E-04
 0.161774	-1.111145E-04
 0.156769	-1.217041E-04
 0.151764	-1.324158E-04
 0.146759	-1.433716E-04
 0.141754	-1.544495E-04
 0.136749	-1.655579E-04
 0.131775	-1.766357E-04
 0.126770	-1.876221E-04
 0.121765	-1.984253E-04
 0.116760	-2.089233E-04
 0.111755	-2.190552E-04
 0.106750	-2.286682E-04
 0.101746	-2.377319E-04
 0.096771	-2.460327E-04
 0.091766	-2.534485E-04
 0.086761	-2.598572E-04
 0.081757	-2.651367E-04
 0.076752	-2.690735E-04
 0.071747	-2.715149E-04
 0.066742	-2.723083E-04
 0.061737	-2.713318E-04
 0.056702	-2.685547E-04
 0.051697	-2.640076E-04
 0.046695	-2.579041E-04
 0.041684	-2.505188E-04
 0.036673	-2.421570E-04
 0.031668	-2.333069E-04
 0.026660	-2.242432E-04
 0.021652	-2.153625E-04
 0.016644	-2.068176E-04
 0.011639	-1.988220E-04
 0.006659	-1.912842E-04
 0.001633	-1.844788E-04
 -0.003363	-1.781311E-04
 -0.008374	-1.723633E-04
 -0.013382	-1.669617E-04
 -0.018384	-1.620178E-04
 -0.023386	-1.575012E-04
 -0.028391	-1.533203E-04
 -0.033395	-1.494446E-04
 -0.038394	-1.458435E-04
 -0.043399	-1.424866E-04
 -0.048398	-1.393738E-04
 -0.053345	-1.364746E-04
 -0.058350	-1.337585E-04
 -0.063354	-1.311951E-04
 -0.068359	-1.287842E-04
 -0.073364	-1.265564E-04
 -0.078369	-1.244507E-04
 -0.083374	-1.224670E-04
 -0.088348	-1.205750E-04
 -0.093384	-1.187744E-04
 -0.098358	-1.170959E-04
 -0.103363	-1.155090E-04
 -0.108368	-1.139832E-04
 -0.113373	-1.125488E-04
 -0.118378	-1.111755E-04
 -0.123383	-1.098938E-04
 -0.128357	-1.086426E-04
 -0.133362	-1.074524E-04
 -0.138367	-1.062927E-04
 -0.143372	-1.052246E-04
 -0.148376	-1.041870E-04
 -0.153381	-1.032104E-04
 -0.158386	-1.022949E-04
 -0.163391	-1.013489E-04
 -0.168396	-1.005249E-04
 -0.173370	-9.970093E-05
 -0.178375	-9.887695E-05
 -0.183380	-9.811401E-05
 -0.188385	-9.738159E-05
 -0.193390	-9.671021E-05
 -0.198395	-9.603882E-05
 -0.203400	-9.536743E-05
 -0.208405	-9.478760E-05
 -0.213379	-9.417725E-05
 -0.218384	-9.362793E-05
 -0.223389	-9.307861E-05
 -0.228394	-9.255981E-05
 -0.233398	-9.207153E-05
 -0.238403	-9.158325E-05
 -0.243408	-9.115601E-05
 -0.248413	-9.069824E-05
 -0.253418	-9.030151E-05
 -0.258392	-8.990479E-05
 -0.263428	-8.953857E-05
 -0.268402	-8.917236E-05
 -0.273407	-8.883667E-05
 -0.278412	-8.853149E-05
 -0.283417	-8.819580E-05
 -0.288422	-8.792114E-05
 -0.293427	-8.767700E-05
 -0.298309	-8.743286E-05
 -0.293976	-5.471802E-05
 -0.288971	-3.842773E-05
 -0.283936	-3.328857E-05
 -0.278961	-3.123779E-05
 -0.273956	-3.016663E-05
 -0.268951	-2.942810E-05
 -0.263947	-2.882080E-05
 -0.258942	-2.829285E-05
 -0.253967	-2.785034E-05
 -0.248962	-2.743225E-05
 -0.243958	-2.704163E-05
 -0.238983	-2.668457E-05
 -0.233978	-2.634888E-05
 -0.228973	-2.604370E-05
 -0.223999	-2.572327E-05
 -0.218994	-2.542419E-05
 -0.213989	-2.517395E-05
 -0.209015	-2.494812E-05
 -0.204010	-2.469177E-05
 -0.199005	-2.445679E-05
 -0.194031	-2.424011E-05
 -0.189026	-2.402039E-05
 -0.184021	-2.380066E-05
 -0.179047	-2.360840E-05
 -0.174042	-2.341309E-05
 -0.169067	-2.321777E-05
 -0.164063	-2.303772E-05
 -0.159058	-2.287292E-05
 -0.154083	-2.270813E-05
 -0.149109	-2.252502E-05
 -0.144104	-2.237549E-05
 -0.139099	-2.221680E-05
 -0.134125	-2.207642E-05
 -0.129120	-2.191162E-05
 -0.124146	-2.176819E-05
 -0.119141	-2.162476E-05
 -0.114166	-2.147827E-05
 -0.109161	-2.132568E-05
 -0.104156	-2.119141E-05
 -0.099182	-2.105103E-05
 -0.094177	-2.090454E-05
 -0.089203	-2.075806E-05
 -0.084198	-2.060852E-05
 -0.079193	-2.046814E-05
 -0.074219	-2.032166E-05
 -0.069244	-2.015686E-05
 -0.064240	-1.997681E-05
 -0.059235	-1.980286E-05
 -0.054260	-1.958618E-05
 -0.049335	-1.937256E-05
 -0.044345	-1.913757E-05
 -0.039349	-1.888733E-05
 -0.034357	-1.860046E-05
 -0.029367	-1.827393E-05
 -0.024371	-1.791687E-05
 -0.019382	-1.749573E-05
 -0.014389	-1.703796E-05
 -0.009393	-1.651001E-05
 -0.004388	-1.588745E-05

 Potential	  Scan 3   
 0.000589	-1.524963E-05
 0.005588	-1.445007E-05
 0.010571	-1.362305E-05
 0.015561	-1.253052E-05
 0.020557	-1.135559E-05
 0.025543	-9.973145E-06
 0.030539	-8.413696E-06
 0.035529	-6.573486E-06
 0.040512	-4.531250E-06
 0.045505	-2.120361E-06
 0.050537	6.466675E-07
 0.055511	3.793030E-06
 0.060516	7.382202E-06
 0.065491	1.144409E-05
 0.070496	1.600342E-05
 0.075470	2.111511E-05
 0.080475	2.676086E-05
 0.085449	3.300171E-05
 0.090454	3.982239E-05
 0.095428	4.725342E-05
 0.100433	5.520630E-05
 0.105408	6.378174E-05
 0.110413	7.287598E-05
 0.115387	8.248901E-05
 0.120361	9.255981E-05
 0.125366	1.030884E-04
 0.130341	1.139526E-04
 0.135345	1.252136E-04
 0.140320	1.367798E-04
 0.145325	1.485291E-04
 0.150299	1.604309E-04
 0.155304	1.724854E-04
 0.160309	1.845093E-04
 0.165314	1.965027E-04
 0.170288	2.082825E-04
 0.175293	2.199097E-04
 0.180267	2.311707E-04
 0.185272	2.420654E-04
 0.190277	2.524109E-04
 0.195251	2.621765E-04
 0.200256	2.711792E-04
 0.205261	2.793274E-04
 0.210236	2.865295E-04
 0.215240	2.926025E-04
 0.220215	2.973633E-04
 0.225220	3.008118E-04
 0.230194	3.029785E-04
 0.235199	3.032227E-04
 0.240204	3.018494E-04
 0.245178	2.988586E-04
 0.250183	2.942810E-04
 0.255188	2.882996E-04
 0.260162	2.811584E-04
 0.265167	2.731934E-04
 0.270142	2.647095E-04
 0.275146	2.560120E-04
 0.280151	2.473755E-04
 0.285126	2.390442E-04
 0.290100	2.310791E-04
 0.295105	2.236023E-04
 0.300079	2.166138E-04
 0.305084	2.101135E-04
 0.310059	2.041016E-04
 0.315063	1.985474E-04
 0.320068	1.933899E-04
 0.325043	1.885986E-04
 0.330048	1.841431E-04
 0.335022	1.799927E-04
 0.340027	1.761169E-04
 0.345001	1.724548E-04
 0.350006	1.690369E-04
 0.354980	1.658325E-04
 0.359985	1.627808E-04
 0.364960	1.599121E-04
 0.369965	1.571350E-04
 0.374939	1.545410E-04
 0.379944	1.520691E-04
 0.384949	1.496887E-04
 0.389923	1.473999E-04
 0.394928	1.452332E-04
 0.399902	1.431580E-04
 0.404907	1.411133E-04
 0.409882	1.392212E-04
 0.414886	1.373291E-04
 0.419861	1.354980E-04
 0.424866	1.337280E-04
 0.429840	1.320190E-04
 0.434845	1.303406E-04
 0.439819	1.287231E-04
 0.444824	1.271362E-04
 0.449829	1.255493E-04
 0.454803	1.240234E-04
 0.459778	1.225281E-04
 0.464783	1.210327E-04
 0.469757	1.195984E-04
 0.474762	1.181641E-04
 0.479736	1.167603E-04
 0.484741	1.153870E-04
 0.489716	1.140137E-04
 0.494720	1.126709E-04
 0.499878	1.113586E-04
 0.500793	1.032715E-04
 0.495331	9.063721E-05
 0.490326	8.483887E-05
 0.485321	8.071899E-05
 0.480316	7.748413E-05
 0.475311	7.470703E-05
 0.470306	7.229614E-05
 0.465302	7.009888E-05
 0.460297	6.808472E-05
 0.455292	6.622314E-05
 0.450287	6.445313E-05
 0.445282	6.277466E-05
 0.440277	6.118774E-05
 0.435272	5.966187E-05
 0.430267	5.816650E-05
 0.425262	5.673218E-05
 0.420258	5.529785E-05
 0.415253	5.395508E-05
 0.410248	5.261230E-05
 0.405243	5.126953E-05
 0.400238	4.995728E-05
 0.395233	4.876709E-05
 0.390259	4.747314E-05
 0.385223	4.620667E-05
 0.380249	4.494324E-05
 0.375244	4.369202E-05
 0.370209	4.242249E-05
 0.365234	4.055786E-05
 0.360229	3.977051E-05
 0.355225	3.853455E-05
 0.350220	3.730469E-05
 0.345215	3.604126E-05
 0.340210	3.477173E-05
 0.335205	3.349609E-05
 0.330200	3.219604E-05
 0.325195	3.087158E-05
 0.320190	2.953491E-05
 0.315216	2.816467E-05
 0.310181	2.674866E-05
 0.305176	2.527771E-05
 0.300171	2.378540E-05
 0.295197	2.219543E-05
 0.290192	2.055054E-05
 0.285187	1.881714E-05
 0.280182	1.695557E-05
 0.275177	1.499634E-05
 0.270172	1.289368E-05
 0.265198	1.067505E-05
 0.260162	8.239746E-06
 0.255188	5.599976E-06
 0.250183	2.740173E-06
 0.245178	-3.842163E-07
 0.240173	-3.831787E-06
 0.235168	-7.550049E-06
 0.230164	-1.168823E-05
 0.225189	-1.615601E-05
 0.220184	-2.106323E-05
 0.215179	-2.637939E-05
 0.210175	-3.218994E-05
 0.205170	-3.845520E-05
 0.200165	-4.523621E-05
 0.195160	-5.255127E-05
 0.190155	-6.027222E-05
 0.185150	-6.851196E-05
 0.180176	-7.723999E-05
 0.175171	-8.639526E-05
 0.170166	-9.594727E-05
 0.165161	-1.059265E-04
 0.160156	-1.162109E-04
 0.155151	-1.267395E-04
 0.150146	-1.375427E-04
 0.145172	-1.485596E-04
 0.140167	-1.595764E-04
 0.135162	-1.707153E-04
 0.130157	-1.817322E-04
 0.125153	-1.926880E-04
 0.120148	-2.033997E-04
 0.115173	-2.138367E-04
 0.110168	-2.238464E-04
 0.105164	-2.333069E-04
 0.100159	-2.421570E-04
 0.095154	-2.502747E-04
 0.090149	-2.574158E-04
 0.085144	-2.635803E-04
 0.080139	-2.685242E-04
 0.075165	-2.721252E-04
 0.070160	-2.742004E-04
 0.065125	-2.745667E-04
 0.060120	-2.731323E-04
 0.055115	-2.698975E-04
 0.050110	-2.649536E-04
 0.045087	-2.584839E-04
 0.040073	-2.507935E-04
 0.035068	-2.423401E-04
 0.030066	-2.333679E-04
 0.025055	-2.243652E-04
 0.020050	-2.155457E-04
 0.015039	-2.071533E-04
 0.010037	-1.992493E-04
 0.005032	-1.918640E-04
 0.000031	-1.851807E-04
 -0.004962	-1.789246E-04
 -0.009979	-1.733093E-04
 -0.014981	-1.680298E-04
 -0.019983	-1.632080E-04
 -0.024985	-1.587524E-04
 -0.029987	-1.546631E-04
 -0.034991	-1.508484E-04
 -0.039993	-1.472778E-04
 -0.045001	-1.440125E-04
 -0.049957	-1.409607E-04
 -0.054932	-1.380615E-04
 -0.059937	-1.354065E-04
 -0.064941	-1.329041E-04
 -0.069977	-1.304932E-04
 -0.074951	-1.282959E-04
 -0.079956	-1.261902E-04
 -0.084961	-1.242676E-04
 -0.089966	-1.223755E-04
 -0.094940	-1.206360E-04
 -0.099945	-1.189575E-04
 -0.104950	-1.173706E-04
 -0.109955	-1.158752E-04
 -0.114960	-1.144409E-04
 -0.119965	-1.130676E-04
 -0.124969	-1.117859E-04
 -0.129974	-1.105652E-04
 -0.134979	-1.093750E-04
 -0.139954	-1.082458E-04
 -0.144958	-1.071777E-04
 -0.149963	-1.061707E-04
 -0.154968	-1.051636E-04
 -0.159973	-1.042480E-04
 -0.164978	-1.033630E-04
 -0.169983	-1.024780E-04
 -0.174957	-1.016541E-04
 -0.179962	-1.008606E-04
 -0.184967	-1.000671E-04
 -0.189972	-9.939575E-05
 -0.194977	-9.866333E-05
 -0.199982	-9.802246E-05
 -0.204987	-9.738159E-05
 -0.209991	-9.677124E-05
 -0.214996	-9.619141E-05
 -0.219971	-9.561157E-05
 -0.224976	-9.506226E-05
 -0.229980	-9.457397E-05
 -0.234985	-9.408569E-05
 -0.239990	-9.359741E-05
 -0.244995	-9.313965E-05
 -0.250000	-9.271240E-05
 -0.255005	-9.231567E-05
 -0.260010	-9.191895E-05
 -0.265015	-9.152222E-05
 -0.269989	-9.118652E-05
 -0.274994	-9.085083E-05
 -0.279999	-9.051514E-05
 -0.285004	-9.024048E-05
 -0.290009	-8.993530E-05
 -0.294983	-8.969116E-05
 -0.297638	-8.770752E-05
 -0.292664	-4.986572E-05
 -0.287659	-3.841248E-05
 -0.282623	-3.460693E-05
 -0.277618	-3.294983E-05
 -0.272644	-3.199463E-05
 -0.267639	-3.132019E-05
 -0.262634	-3.074036E-05
 -0.257629	-3.020325E-05
 -0.252625	-2.978516E-05
 -0.247650	-2.934265E-05
 -0.242645	-2.898865E-05
 -0.237640	-2.861938E-05
 -0.232666	-2.828979E-05
 -0.227661	-2.797241E-05
 -0.222656	-2.767944E-05
 -0.217682	-2.740479E-05
 -0.212677	-2.711182E-05
 -0.207703	-2.685242E-05
 -0.202698	-2.657776E-05
 -0.197693	-2.637329E-05
 -0.192719	-2.615051E-05
 -0.187714	-2.591858E-05
 -0.182709	-2.570801E-05
 -0.177734	-2.548828E-05
 -0.172729	-2.529907E-05
 -0.167725	-2.511292E-05
 -0.162750	-2.495422E-05
 -0.157745	-2.477112E-05
 -0.152771	-2.459412E-05
 -0.147766	-2.444153E-05
 -0.142792	-2.425842E-05
 -0.137787	-2.409973E-05
 -0.132782	-2.395630E-05
 -0.127808	-2.377930E-05
 -0.122803	-2.363281E-05
 -0.117828	-2.347717E-05
 -0.112823	-2.333069E-05
 -0.107849	-2.319336E-05
 -0.102844	-2.305603E-05
 -0.097870	-2.290344E-05
 -0.092865	-2.274170E-05
 -0.087860	-2.259521E-05
 -0.082886	-2.243042E-05
 -0.077881	-2.229004E-05
 -0.072906	-2.214050E-05
 -0.067902	-2.196655E-05
 -0.062897	-2.178040E-05
 -0.057922	-2.158203E-05
 -0.052917	-2.135010E-05
 -0.048013	-2.115479E-05
 -0.043018	-2.089539E-05
 -0.038025	-2.061157E-05
 -0.033032	-2.033081E-05
 -0.028040	-1.998291E-05
 -0.023047	-1.961060E-05
 -0.018054	-1.914978E-05
 -0.013062	-1.868896E-05
 -0.008072	-1.810608E-05
 -0.003073	-1.740417E-05

 Potential	  Scan 4   
 0.001917	-1.678467E-05
 0.006921	-1.591492E-05
 0.011899	-1.506653E-05
 0.016891	-1.394653E-05
 0.021884	-1.268311E-05
 0.026874	-1.127014E-05
 0.031866	-9.606934E-06
 0.036853	-7.696533E-06
 0.041852	-5.520630E-06
 0.046832	-3.019714E-06
 0.051880	-1.235962E-07
 0.056824	3.161926E-06
 0.061829	6.906128E-06
 0.066833	1.112061E-05
 0.071808	1.585999E-05
 0.076813	2.116089E-05
 0.081787	2.699890E-05
 0.086792	3.343201E-05
 0.091766	4.045410E-05
 0.096771	4.805908E-05
 0.101746	5.621338E-05
 0.106750	6.494141E-05
 0.111725	7.421875E-05
 0.116730	8.398438E-05
 0.121704	9.420776E-05
 0.126678	1.048584E-04
 0.131683	1.158447E-04
 0.136658	1.272278E-04
 0.141663	1.388245E-04
 0.146637	1.506958E-04
 0.151642	1.626587E-04
 0.156647	1.746521E-04
 0.161652	1.867065E-04
 0.166626	1.986389E-04
 0.171631	2.104187E-04
 0.176605	2.218933E-04
 0.181610	2.330627E-04
 0.186615	2.438049E-04
 0.191620	2.539673E-04
 0.196594	2.635193E-04
 0.201599	2.722778E-04
 0.206573	2.801208E-04
 0.211578	2.869263E-04
 0.216553	2.926331E-04
 0.221558	2.969971E-04
 0.226532	2.999573E-04
 0.231537	3.016663E-04
 0.236542	3.013611E-04
 0.241516	2.994385E-04
 0.246521	2.958984E-04
 0.251526	2.908630E-04
 0.256500	2.844849E-04
 0.261505	2.770691E-04
 0.266479	2.688904E-04
 0.271484	2.603149E-04
 0.276459	2.515869E-04
 0.281464	2.430420E-04
 0.286438	2.348022E-04
 0.291443	2.269592E-04
 0.296448	2.196350E-04
 0.301422	2.128296E-04
 0.306396	2.064819E-04
 0.311401	2.006226E-04
 0.316406	1.951904E-04
 0.321381	1.901245E-04
 0.326385	1.854248E-04
 0.331360	1.810913E-04
 0.336365	1.770020E-04
 0.341339	1.731873E-04
 0.346344	1.696472E-04
 0.351349	1.662598E-04
 0.356323	1.630859E-04
 0.361298	1.600952E-04
 0.366302	1.572571E-04
 0.371307	1.545410E-04
 0.376282	1.519775E-04
 0.381287	1.495361E-04
 0.386261	1.471863E-04
 0.391235	1.449280E-04
 0.396240	1.427612E-04
 0.401215	1.407166E-04
 0.406219	1.387024E-04
 0.411224	1.367798E-04
 0.416199	1.349182E-04
 0.421204	1.331177E-04
 0.426178	1.313782E-04
 0.431183	1.296692E-04
 0.436157	1.280212E-04
 0.441162	1.264038E-04
 0.446136	1.247864E-04
 0.451141	1.232605E-04
 0.456116	1.217346E-04
 0.461121	1.202393E-04
 0.466095	1.187744E-04
 0.471100	1.173401E-04
 0.476074	1.159058E-04
 0.481079	1.145325E-04
 0.486053	1.131592E-04
 0.491058	1.117859E-04
 0.496033	1.104736E-04
 0.501404	1.091614E-04
 0.498840	9.603882E-05
 0.493805	8.697510E-05
 0.488831	8.184814E-05
 0.483826	7.809448E-05
 0.478790	7.501221E-05
 0.473785	7.238770E-05
 0.468781	7.006836E-05
 0.463776	6.793213E-05
 0.458771	6.597900E-05
 0.453766	6.414795E-05
 0.448761	6.240845E-05
 0.443756	6.079102E-05
 0.438751	5.920410E-05
 0.433746	5.770874E-05
 0.428741	5.627441E-05
 0.423737	5.480957E-05
 0.418732	5.343628E-05
 0.413727	5.206299E-05
 0.408722	5.075073E-05
 0.403748	4.952393E-05
 0.398743	4.822693E-05
 0.393738	4.693298E-05
 0.388733	4.568481E-05
 0.383728	4.441223E-05
 0.378723	4.318237E-05
 0.373718	4.126892E-05
 0.368713	4.050903E-05
 0.363708	3.927917E-05
 0.358704	3.804321E-05
 0.353699	3.679810E-05
 0.348694	3.557434E-05
 0.343719	3.430786E-05
 0.338684	3.303223E-05
 0.333710	3.174438E-05
 0.328674	3.045349E-05
 0.323700	2.914124E-05
 0.318695	2.779541E-05
 0.313690	2.642212E-05
 0.308685	2.500000E-05
 0.303680	2.353821E-05
 0.298676	2.201843E-05
 0.293671	2.043762E-05
 0.288666	1.876526E-05
 0.283661	1.701660E-05
 0.278687	1.513672E-05
 0.273682	1.315308E-05
 0.268677	1.100464E-05
 0.263672	8.728027E-06
 0.258667	6.243896E-06
 0.253662	3.558960E-06
 0.248657	6.134033E-07
 0.243652	-2.587891E-06
 0.238678	-6.072998E-06
 0.233673	-9.918213E-06
 0.228668	-1.411743E-05
 0.223663	-1.870422E-05
 0.218658	-2.370605E-05
 0.213654	-2.914429E-05
 0.208679	-3.504944E-05
 0.203674	-4.143982E-05
 0.198669	-4.833069E-05
 0.193665	-5.575562E-05
 0.188660	-6.365967E-05
 0.183655	-7.199097E-05
 0.178650	-8.081055E-05
 0.173645	-9.005737E-05
 0.168671	-9.973145E-05
 0.163666	-1.097717E-04
 0.158661	-1.201477E-04
 0.153656	-1.307373E-04
 0.148651	-1.416321E-04
 0.143646	-1.526184E-04
 0.138641	-1.636658E-04
 0.133667	-1.748047E-04
 0.128662	-1.858521E-04
 0.123657	-1.966858E-04
 0.118652	-2.073975E-04
 0.113647	-2.176514E-04
 0.108673	-2.275391E-04
 0.103638	-2.368774E-04
 0.098663	-2.455139E-04
 0.093658	-2.533264E-04
 0.088654	-2.602844E-04
 0.083649	-2.661438E-04
 0.078644	-2.707214E-04
 0.073639	-2.739563E-04
 0.068634	-2.755737E-04
 0.063629	-2.754822E-04
 0.058624	-2.735596E-04
 0.053619	-2.698669E-04
 0.048590	-2.644958E-04
 0.043579	-2.576599E-04
 0.038571	-2.497864E-04
 0.033563	-2.411194E-04
 0.028552	-2.321472E-04
 0.023547	-2.231140E-04
 0.018539	-2.144165E-04
 0.013538	-2.061462E-04
 0.008539	-1.984253E-04
 0.003531	-1.912842E-04
 -0.001471	-1.846619E-04
 -0.006476	-1.785889E-04
 -0.011478	-1.730042E-04
 -0.016479	-1.678772E-04
 -0.021484	-1.631470E-04
 -0.026489	-1.587830E-04
 -0.031491	-1.547546E-04
 -0.036496	-1.510315E-04
 -0.041495	-1.475220E-04
 -0.046500	-1.443176E-04
 -0.051453	-1.413269E-04
 -0.056427	-1.384888E-04
 -0.061462	-1.358337E-04
 -0.066467	-1.333923E-04
 -0.071442	-1.310425E-04
 -0.076447	-1.288452E-04
 -0.081451	-1.268005E-04
 -0.086456	-1.248779E-04
 -0.091461	-1.230469E-04
 -0.096436	-1.212769E-04
 -0.101471	-1.196594E-04
 -0.106476	-1.180725E-04
 -0.111450	-1.165771E-04
 -0.116455	-1.151733E-04
 -0.121460	-1.138306E-04
 -0.126465	-1.125793E-04
 -0.131470	-1.113281E-04
 -0.136475	-1.101990E-04
 -0.141479	-1.090698E-04
 -0.146484	-1.080017E-04
 -0.151459	-1.069946E-04
 -0.156464	-1.060181E-04
 -0.161469	-1.051025E-04
 -0.166473	-1.041870E-04
 -0.171478	-1.033630E-04
 -0.176483	-1.025696E-04
 -0.181458	-1.017456E-04
 -0.186493	-1.009827E-04
 -0.191498	-1.002808E-04
 -0.196472	-9.957886E-05
 -0.201477	-9.890747E-05
 -0.206482	-9.829712E-05
 -0.211487	-9.768677E-05
 -0.216492	-9.710693E-05
 -0.221497	-9.655762E-05
 -0.226501	-9.600830E-05
 -0.231476	-9.552002E-05
 -0.236481	-9.500122E-05
 -0.241486	-9.454346E-05
 -0.246490	-9.408569E-05
 -0.251495	-9.365845E-05
 -0.256500	-9.326172E-05
 -0.261505	-9.289551E-05
 -0.266510	-9.249878E-05
 -0.271515	-9.213257E-05
 -0.276489	-9.179688E-05
 -0.281494	-9.149170E-05
 -0.286499	-9.118652E-05
 -0.291504	-9.091187E-05
 -0.296509	-9.063721E-05
 -0.296448	-7.479858E-05
 -0.291443	-4.639893E-05
 -0.286438	-3.800659E-05
 -0.281433	-3.505554E-05
 -0.276428	-3.368530E-05
 -0.271423	-3.281555E-05
 -0.266418	-3.218689E-05
 -0.261444	-3.161621E-05
 -0.256439	-3.115234E-05
 -0.251434	-3.070679E-05
 -0.246460	-3.028870E-05
 -0.241455	-2.991943E-05
 -0.236450	-2.957153E-05
 -0.231445	-2.924194E-05
 -0.226471	-2.892456E-05
 -0.221466	-2.862244E-05
 -0.216492	-2.833557E-05
 -0.211487	-2.807922E-05
 -0.206482	-2.780457E-05
 -0.201508	-2.756348E-05
 -0.196503	-2.732849E-05
 -0.191528	-2.707214E-05
 -0.186523	-2.688904E-05
 -0.181519	-2.666626E-05
 -0.176544	-2.646790E-05
 -0.171539	-2.626038E-05
 -0.166534	-2.607727E-05
 -0.161560	-2.590332E-05
 -0.156555	-2.570496E-05
 -0.151581	-2.552490E-05
 -0.146576	-2.533264E-05
 -0.141571	-2.518005E-05
 -0.136597	-2.504272E-05
 -0.131622	-2.489929E-05
 -0.126617	-2.474976E-05
 -0.121613	-2.458801E-05
 -0.116638	-2.443542E-05
 -0.111633	-2.427979E-05
 -0.106659	-2.414246E-05
 -0.101654	-2.398376E-05
 -0.096680	-2.383728E-05
 -0.091675	-2.366943E-05
 -0.086670	-2.353821E-05
 -0.081696	-2.338867E-05
 -0.076691	-2.321472E-05
 -0.071716	-2.306824E-05
 -0.066711	-2.289429E-05
 -0.061737	-2.269592E-05
 -0.056732	-2.249146E-05
 -0.051758	-2.228394E-05
 -0.046826	-2.205200E-05
 -0.041833	-2.177429E-05
 -0.036841	-2.150269E-05
 -0.031842	-2.117004E-05
 -0.026855	-2.083130E-05
 -0.021860	-2.043762E-05
 -0.016873	-1.999512E-05
 -0.011877	-1.947327E-05
 -0.006888	-1.890259E-05
 -0.001892	-1.825562E-05

 Potential	  Scan 5   
 0.003098	-1.753540E-05
 0.008102	-1.658020E-05
 0.013086	-1.570129E-05
 0.018076	-1.455383E-05
 0.023068	-1.326599E-05
 0.028058	-1.177368E-05
 0.033047	-1.003113E-05
 0.038037	-8.059692E-06
 0.043030	-5.773926E-06
 0.048016	-3.180542E-06
 0.053040	-1.885986E-07
 0.058014	3.222351E-06
 0.063019	7.107544E-06
 0.068024	1.146240E-05
 0.072998	1.634521E-05
 0.078003	2.178955E-05
 0.082977	2.779846E-05
 0.087952	3.437805E-05
 0.092957	4.153442E-05
 0.097931	4.928589E-05
 0.102936	5.761719E-05
 0.107910	6.652832E-05
 0.112915	7.595825E-05
 0.117889	8.584595E-05
 0.122864	9.619141E-05
 0.127869	1.069641E-04
 0.132843	1.180420E-04
 0.137848	1.294556E-04
 0.142822	1.411438E-04
 0.147827	1.530151E-04
 0.152832	1.650085E-04
 0.157806	1.770630E-04
 0.162811	1.890259E-04
 0.167816	2.009583E-04
 0.172791	2.126770E-04
 0.177795	2.240906E-04
 0.182800	2.351379E-04
 0.187775	2.457581E-04
 0.192780	2.557373E-04
 0.197784	2.650757E-04
 0.202759	2.735901E-04
 0.207764	2.811890E-04
 0.212738	2.877502E-04
 0.217743	2.930603E-04
 0.222748	2.970581E-04
 0.227722	2.995911E-04
 0.232727	3.005371E-04
 0.237701	3.001709E-04
 0.242706	2.977600E-04
 0.247711	2.937927E-04
 0.252686	2.883911E-04
 0.257690	2.816772E-04
 0.262695	2.740173E-04
 0.267670	2.656860E-04
 0.272675	2.570801E-04
 0.277649	2.483521E-04
 0.282654	2.398987E-04
 0.287628	2.317200E-04
 0.292633	2.240295E-04
 0.297607	2.168274E-04
 0.302612	2.101135E-04
 0.307587	2.039185E-04
 0.312592	1.981506E-04
 0.317566	1.928406E-04
 0.322571	1.878662E-04
 0.327576	1.832886E-04
 0.332550	1.790161E-04
 0.337524	1.750183E-04
 0.342529	1.712646E-04
 0.347534	1.677246E-04
 0.352509	1.643982E-04
 0.357513	1.612854E-04
 0.362488	1.583252E-04
 0.367493	1.555176E-04
 0.372467	1.528625E-04
 0.377472	1.502991E-04
 0.382446	1.478882E-04
 0.387451	1.455688E-04
 0.392426	1.433105E-04
 0.397430	1.411743E-04
 0.402405	1.391296E-04
 0.407410	1.371460E-04
 0.412384	1.352539E-04
 0.417389	1.333923E-04
 0.422363	1.316223E-04
 0.427368	1.298828E-04
 0.432343	1.281738E-04
 0.437347	1.265259E-04
 0.442352	1.249084E-04
 0.447327	1.233215E-04
 0.452301	1.217957E-04
 0.457306	1.203003E-04
 0.462280	1.188049E-04
 0.467285	1.173401E-04
 0.472290	1.159058E-04
 0.477264	1.145020E-04
 0.482269	1.130981E-04
 0.487244	1.117249E-04
 0.492249	1.104126E-04
 0.497223	1.091003E-04
 0.502319	1.077576E-04
 0.497528	9.194946E-05
 0.492523	8.453369E-05
 0.487488	7.986450E-05
 0.482483	7.632446E-05
 0.477478	7.339478E-05
 0.472504	7.086182E-05
 0.467499	6.860352E-05
 0.462463	6.655884E-05
 0.457489	6.463623E-05
 0.452484	6.283569E-05
 0.447479	6.112671E-05
 0.442474	5.950928E-05
 0.437439	5.798340E-05
 0.432434	5.651855E-05
 0.427460	5.505371E-05
 0.422455	5.364990E-05
 0.417419	5.230713E-05
 0.412445	5.093384E-05
 0.407440	4.967346E-05
 0.402435	4.837341E-05
 0.397430	4.708862E-05
 0.392426	4.584656E-05
 0.387421	4.456482E-05
 0.382416	4.331970E-05
 0.377411	4.140930E-05
 0.372406	4.065857E-05
 0.367401	3.944702E-05
 0.362396	3.820190E-05
 0.357422	3.698425E-05
 0.352386	3.571777E-05
 0.347412	3.447571E-05
 0.342407	3.322449E-05
 0.337402	3.195496E-05
 0.332397	3.068848E-05
 0.327393	2.938232E-05
 0.322388	2.807007E-05
 0.317383	2.670288E-05
 0.312378	2.531433E-05
 0.307373	2.388916E-05
 0.302368	2.241516E-05
 0.297363	2.088318E-05
 0.292358	1.928711E-05
 0.287354	1.759644E-05
 0.282379	1.582031E-05
 0.277374	1.391907E-05
 0.272369	1.191711E-05
 0.267365	9.747314E-06
 0.262360	7.403564E-06
 0.257355	4.888916E-06
 0.252350	2.147827E-06
 0.247345	-8.538818E-07
 0.242371	-4.111938E-06
 0.237366	-7.675171E-06
 0.232361	-1.161804E-05
 0.227356	-1.589050E-05
 0.222351	-2.057190E-05
 0.217346	-2.564087E-05
 0.212372	-3.121033E-05
 0.207367	-3.721313E-05
 0.202362	-4.373169E-05
 0.197357	-5.075073E-05
 0.192352	-5.825806E-05
 0.187347	-6.622314E-05
 0.182343	-7.470703E-05
 0.177368	-8.364868E-05
 0.172363	-9.298706E-05
 0.167358	-1.027527E-04
 0.162354	-1.128540E-04
 0.157349	-1.232910E-04
 0.152344	-1.339417E-04
 0.147339	-1.448364E-04
 0.142334	-1.558228E-04
 0.137360	-1.669617E-04
 0.132355	-1.780090E-04
 0.127350	-1.889954E-04
 0.122345	-1.998291E-04
 0.117340	-2.103882E-04
 0.112335	-2.206421E-04
 0.107361	-2.303772E-04
 0.102356	-2.395630E-04
 0.097351	-2.480774E-04
 0.092346	-2.556763E-04
 0.087341	-2.623901E-04
 0.082336	-2.679443E-04
 0.077332	-2.721863E-04
 0.072327	-2.750549E-04
 0.067322	-2.763062E-04
 0.062317	-2.757874E-04
 0.057312	-2.734680E-04
 0.052307	-2.693787E-04
 0.047281	-2.636414E-04
 0.042273	-2.565308E-04
 0.037262	-2.484436E-04
 0.032263	-2.396545E-04
 0.027249	-2.306519E-04
 0.022247	-2.217102E-04
 0.017236	-2.130737E-04
 0.012234	-2.049255E-04
 0.007248	-1.972961E-04
 0.002228	-1.903076E-04
 -0.002774	-1.838379E-04
 -0.007779	-1.778870E-04
 -0.012781	-1.724243E-04
 -0.017783	-1.673889E-04
 -0.022787	-1.627197E-04
 -0.027789	-1.584473E-04
 -0.032794	-1.544800E-04
 -0.037799	-1.508484E-04
 -0.042798	-1.473999E-04
 -0.047800	-1.441956E-04
 -0.052734	-1.412659E-04
 -0.057739	-1.384888E-04
 -0.062744	-1.358643E-04
 -0.067749	-1.334534E-04
 -0.072754	-1.311340E-04
 -0.077759	-1.289978E-04
 -0.082764	-1.269531E-04
 -0.087769	-1.250610E-04
 -0.092743	-1.232605E-04
 -0.097748	-1.215515E-04
 -0.102753	-1.199036E-04
 -0.107758	-1.183472E-04
 -0.112762	-1.168823E-04
 -0.117767	-1.154785E-04
 -0.122772	-1.141357E-04
 -0.127747	-1.128845E-04
 -0.132782	-1.116943E-04
 -0.137756	-1.105347E-04
 -0.142761	-1.094360E-04
 -0.147766	-1.083679E-04
 -0.152771	-1.073914E-04
 -0.157776	-1.064148E-04
 -0.162781	-1.054993E-04
 -0.167786	-1.046448E-04
 -0.172760	-1.037903E-04
 -0.177765	-1.029968E-04
 -0.182770	-1.022034E-04
 -0.187775	-1.014404E-04
 -0.192780	-1.007080E-04
 -0.197784	-1.000366E-04
 -0.202789	-9.939575E-05
 -0.207794	-9.875488E-05
 -0.212769	-9.817505E-05
 -0.217773	-9.756470E-05
 -0.222778	-9.701538E-05
 -0.227783	-9.649658E-05
 -0.232788	-9.600830E-05
 -0.237793	-9.548950E-05
 -0.242798	-9.506226E-05
 -0.247772	-9.460449E-05
 -0.252777	-9.417725E-05
 -0.257782	-9.375000E-05
 -0.262787	-9.338379E-05
 -0.267792	-9.301758E-05
 -0.272797	-9.265137E-05
 -0.277802	-9.231567E-05
 -0.282806	-9.201050E-05
 -0.287811	-9.170532E-05
 -0.292786	-9.143066E-05
 -0.297791	-9.115601E-05
 -0.295380	-6.497192E-05
 -0.290375	-4.405212E-05
 -0.285339	-3.763123E-05
 -0.280365	-3.524780E-05
 -0.275330	-3.404846E-05
 -0.270355	-3.325195E-05
 -0.265350	-3.264160E-05
 -0.260345	-3.210449E-05
 -0.255371	-3.161621E-05
 -0.250366	-3.119812E-05
 -0.245361	-3.078613E-05
 -0.240356	-3.040771E-05
 -0.235382	-3.006592E-05
 -0.230377	-2.974548E-05
 -0.225372	-2.944031E-05
 -0.220367	-2.915649E-05
 -0.215393	-2.886047E-05
 -0.210388	-2.859192E-05
 -0.205414	-2.833862E-05
 -0.200409	-2.808228E-05
 -0.195435	-2.786865E-05
 -0.190430	-2.766418E-05
 -0.185425	-2.742004E-05
 -0.180420	-2.719116E-05
 -0.175446	-2.700500E-05
 -0.170441	-2.678833E-05
 -0.165466	-2.662659E-05
 -0.160461	-2.641907E-05
 -0.155487	-2.624817E-05
 -0.150482	-2.608337E-05
 -0.145477	-2.591248E-05
 -0.140503	-2.572937E-05
 -0.135498	-2.559814E-05
 -0.130524	-2.540894E-05
 -0.125519	-2.525330E-05
 -0.120514	-2.510681E-05
 -0.115540	-2.497864E-05
 -0.110535	-2.481079E-05
 -0.105530	-2.468567E-05
 -0.100555	-2.451782E-05
 -0.095551	-2.436523E-05
 -0.090576	-2.423096E-05
 -0.085571	-2.406921E-05
 -0.080597	-2.392273E-05
 -0.075592	-2.374878E-05
 -0.070618	-2.357788E-05
 -0.065613	-2.341309E-05
 -0.060608	-2.322693E-05
 -0.055634	-2.301636E-05
 -0.050629	-2.279053E-05
 -0.045718	-2.253723E-05
 -0.040726	-2.226868E-05
 -0.035727	-2.196960E-05
 -0.030731	-2.165527E-05
 -0.025739	-2.129517E-05
 -0.020743	-2.086487E-05
 -0.015756	-2.041321E-05
 -0.010760	-1.991272E-05
 -0.005771	-1.928406E-05
 -0.000775	-1.866760E-05
