Date: 15-08-25
Time: 14:10:19 PM

Exp. Conditions:
Cyclic voltammetry
Start potential (V) = .0000
First vertex potential (V) = .5000
Second vertex potential (V) = -.3000
Step potential (V) = .00500
Scan rate (V/s) = .19994
Equilibration time (s) = 
Number of Data Points =  318 

 Potential	  Scan 1   
 0.002106	-1.015015E-05
 0.009634	-3.437805E-06
 0.014630	-2.571411E-06
 0.019623	-1.818542E-06
 0.024615	-9.759521E-07
 0.029605	-2.227783E-08
 0.034598	9.994507E-07
 0.039587	2.345276E-06
 0.044577	3.746948E-06
 0.049591	5.426025E-06
 0.054565	7.351685E-06
 0.059570	9.579468E-06
 0.064545	1.216125E-05
 0.069550	1.509705E-05
 0.074524	1.845093E-05
 0.079498	2.225647E-05
 0.084503	2.652893E-05
 0.089478	3.130188E-05
 0.094482	3.648071E-05
 0.099457	4.225769E-05
 0.104462	4.857788E-05
 0.109436	5.535889E-05
 0.114441	6.259155E-05
 0.119415	7.031250E-05
 0.124390	7.846069E-05
 0.129395	8.703613E-05
 0.134369	9.585571E-05
 0.139374	1.049805E-04
 0.144348	1.142883E-04
 0.149323	1.237793E-04
 0.154327	1.332703E-04
 0.159332	1.427307E-04
 0.164307	1.520691E-04
 0.169281	1.611938E-04
 0.174286	1.700134E-04
 0.179291	1.784363E-04
 0.184265	1.863403E-04
 0.189270	1.935730E-04
 0.194244	2.000122E-04
 0.199249	2.056274E-04
 0.204224	2.102051E-04
 0.209229	2.136536E-04
 0.214203	2.159119E-04
 0.219177	2.168274E-04
 0.224182	2.163391E-04
 0.229156	2.146301E-04
 0.234161	2.116394E-04
 0.239136	2.075195E-04
 0.244141	2.024841E-04
 0.249115	1.967773E-04
 0.254120	1.907043E-04
 0.259094	1.844788E-04
 0.264099	1.782837E-04
 0.269073	1.722412E-04
 0.274048	1.665344E-04
 0.279053	1.611023E-04
 0.284027	1.560669E-04
 0.289032	1.513367E-04
 0.294006	1.470032E-04
 0.298981	1.429443E-04
 0.303986	1.392212E-04
 0.308960	1.357422E-04
 0.313965	1.325073E-04
 0.318939	1.295166E-04
 0.323944	1.267090E-04
 0.328918	1.240540E-04
 0.333923	1.216125E-04
 0.338898	1.193237E-04
 0.343872	1.171265E-04
 0.348877	1.150513E-04
 0.353851	1.131287E-04
 0.358826	1.112671E-04
 0.363831	1.095276E-04
 0.368805	1.078491E-04
 0.373810	1.062622E-04
 0.378784	1.047058E-04
 0.383759	1.032410E-04
 0.388763	1.018372E-04
 0.393738	1.004639E-04
 0.398712	9.915161E-05
 0.403717	9.786987E-05
 0.408691	9.664917E-05
 0.413696	9.545898E-05
 0.418671	9.429932E-05
 0.423645	9.317017E-05
 0.428650	9.204102E-05
 0.433624	9.097290E-05
 0.438629	8.987427E-05
 0.443604	8.883667E-05
 0.448608	8.779907E-05
 0.453583	8.679199E-05
 0.458588	8.578491E-05
 0.463562	8.477783E-05
 0.468536	8.380127E-05
 0.473541	8.282471E-05
 0.478516	8.187866E-05
 0.483490	8.093262E-05
 0.488495	7.995605E-05
 0.493469	7.904053E-05
 0.496765	7.794189E-05
 0.491760	6.652832E-05
 0.486725	6.259155E-05
 0.481720	5.996704E-05
 0.476715	5.789185E-05
 0.471680	5.615234E-05
 0.466675	5.462646E-05
 0.461670	5.325317E-05
 0.456665	5.194092E-05
 0.451660	5.075073E-05
 0.446655	4.966125E-05
 0.441650	4.858704E-05
 0.436615	4.755554E-05
 0.431610	4.657593E-05
 0.426605	4.561157E-05
 0.421570	4.466858E-05
 0.416565	4.376831E-05
 0.411560	4.286499E-05
 0.406555	4.200439E-05
 0.401550	4.115601E-05
 0.396545	4.031982E-05
 0.391541	3.948669E-05
 0.386505	3.867493E-05
 0.381531	3.786316E-05
 0.376495	3.706665E-05
 0.371490	3.626404E-05
 0.366486	3.547058E-05
 0.361481	3.467407E-05
 0.356445	3.388672E-05
 0.351440	3.307800E-05
 0.346436	3.228149E-05
 0.341431	3.148193E-05
 0.336426	3.067932E-05
 0.331421	2.984924E-05
 0.326416	2.901306E-05
 0.321381	2.816162E-05
 0.316376	2.729492E-05
 0.311371	2.638550E-05
 0.306366	2.544556E-05
 0.301361	2.448425E-05
 0.296356	2.346802E-05
 0.291351	2.237854E-05
 0.286346	2.122498E-05
 0.281311	1.999817E-05
 0.276306	1.867981E-05
 0.271301	1.723022E-05
 0.266296	1.564636E-05
 0.261292	1.393738E-05
 0.256287	1.204224E-05
 0.251282	9.954834E-06
 0.246246	7.623291E-06
 0.241272	5.065918E-06
 0.236237	2.192078E-06
 0.231232	-9.658813E-07
 0.226227	-4.489136E-06
 0.221222	-8.325195E-06
 0.216217	-1.263123E-05
 0.211212	-1.736755E-05
 0.206207	-2.252197E-05
 0.201202	-2.810059E-05
 0.196198	-3.415527E-05
 0.191193	-4.067383E-05
 0.186188	-4.763489E-05
 0.181152	-5.505371E-05
 0.176147	-6.277466E-05
 0.171143	-7.083130E-05
 0.166138	-7.919312E-05
 0.161133	-8.782959E-05
 0.156128	-9.661865E-05
 0.151123	-1.055603E-04
 0.146118	-1.145325E-04
 0.141113	-1.234436E-04
 0.136078	-1.322021E-04
 0.131104	-1.407471E-04
 0.126068	-1.489563E-04
 0.121063	-1.566772E-04
 0.116058	-1.638794E-04
 0.111053	-1.703796E-04
 0.106049	-1.760559E-04
 0.101044	-1.807556E-04
 0.096039	-1.843567E-04
 0.091034	-1.867676E-04
 0.086029	-1.878662E-04
 0.081024	-1.875916E-04
 0.075989	-1.858826E-04
 0.071014	-1.828003E-04
 0.065979	-1.785278E-04
 0.060974	-1.734009E-04
 0.055939	-1.676025E-04
 0.050964	-1.613464E-04
 0.045926	-1.549988E-04
 0.040915	-1.487122E-04
 0.035895	-1.427002E-04
 0.030893	-1.369629E-04
 0.025876	-1.316223E-04
 0.020862	-1.266785E-04
 0.015857	-1.221008E-04
 0.010840	-1.178894E-04
 0.005847	-1.139221E-04
 0.000833	-1.103516E-04
 -0.004169	-1.070251E-04
 -0.009192	-1.039734E-04
 -0.014197	-1.010742E-04
 -0.019211	-9.848022E-05
 -0.024219	-9.597778E-05
 -0.029230	-9.371948E-05
 -0.034244	-9.155273E-05
 -0.039243	-8.950806E-05
 -0.044260	-8.767700E-05
 -0.049271	-8.593750E-05
 -0.054230	-8.425903E-05
 -0.059235	-8.270264E-05
 -0.064240	-8.123779E-05
 -0.069244	-7.986450E-05
 -0.074249	-7.855225E-05
 -0.079254	-7.733154E-05
 -0.084259	-7.614136E-05
 -0.089264	-7.501221E-05
 -0.094269	-7.397461E-05
 -0.099304	-7.299805E-05
 -0.104279	-7.199097E-05
 -0.109314	-7.113647E-05
 -0.114319	-7.022095E-05
 -0.119324	-6.942749E-05
 -0.124329	-6.860352E-05
 -0.129333	-6.784058E-05
 -0.134338	-6.710815E-05
 -0.139343	-6.640625E-05
 -0.144348	-6.573486E-05
 -0.149353	-6.509399E-05
 -0.154358	-6.448364E-05
 -0.159363	-6.387329E-05
 -0.164368	-6.332397E-05
 -0.169403	-6.280518E-05
 -0.174377	-6.222534E-05
 -0.179413	-6.173706E-05
 -0.184418	-6.124878E-05
 -0.189423	-6.076050E-05
 -0.194427	-6.033325E-05
 -0.199432	-5.987549E-05
 -0.204437	-5.947876E-05
 -0.209442	-5.908203E-05
 -0.214447	-5.868530E-05
 -0.219452	-5.831909E-05
 -0.224457	-5.792236E-05
 -0.229462	-5.761719E-05
 -0.234497	-5.728149E-05
 -0.239502	-5.694580E-05
 -0.244507	-5.667114E-05
 -0.249512	-5.639648E-05
 -0.254517	-5.609131E-05
 -0.259521	-5.581665E-05
 -0.264526	-5.557251E-05
 -0.269531	-5.535889E-05
 -0.274536	-5.511475E-05
 -0.279541	-5.490112E-05
 -0.284546	-5.468750E-05
 -0.289551	-5.450439E-05
 -0.294556	-5.432129E-05
 -0.296936	-5.163574E-05
 -0.291931	-2.852173E-05
 -0.286926	-2.582092E-05
 -0.281921	-2.502136E-05
 -0.276917	-2.447815E-05
 -0.271942	-2.404175E-05
 -0.266937	-2.366638E-05
 -0.261963	-2.334900E-05
 -0.256958	-2.301331E-05
 -0.251984	-2.274170E-05
 -0.246979	-2.246399E-05
 -0.241974	-2.221985E-05
 -0.237000	-2.197876E-05
 -0.231995	-2.174072E-05
 -0.227020	-2.153015E-05
 -0.222015	-2.129211E-05
 -0.217041	-2.111511E-05
 -0.212036	-2.092590E-05
 -0.207062	-2.075806E-05
 -0.202057	-2.057495E-05
 -0.197083	-2.040100E-05
 -0.192108	-2.025452E-05
 -0.187103	-2.008667E-05
 -0.182098	-1.993713E-05
 -0.177124	-1.978149E-05
 -0.172119	-1.962280E-05
 -0.167145	-1.948242E-05
 -0.162140	-1.934509E-05
 -0.157166	-1.922913E-05
 -0.152161	-1.908569E-05
 -0.147186	-1.896667E-05
 -0.142181	-1.884460E-05
 -0.137207	-1.872253E-05
 -0.132233	-1.860352E-05
 -0.127228	-1.849060E-05
 -0.122223	-1.837769E-05
 -0.117249	-1.827393E-05
 -0.112244	-1.814270E-05
 -0.107269	-1.802979E-05
 -0.102295	-1.792297E-05
 -0.097290	-1.785889E-05
 -0.092316	-1.769409E-05
 -0.087311	-1.761169E-05
 -0.082336	-1.748657E-05
 -0.077362	-1.737061E-05
 -0.072357	-1.726074E-05
 -0.067383	-1.713562E-05
 -0.062378	-1.700745E-05
 -0.057373	-1.687012E-05
 -0.052399	-1.672363E-05
 -0.047470	-1.656799E-05
 -0.042484	-1.638794E-05
 -0.037494	-1.621399E-05
 -0.032504	-1.601257E-05
 -0.027518	-1.579285E-05
 -0.022531	-1.553650E-05
 -0.017538	-1.526489E-05
 -0.012552	-1.495361E-05
 -0.007559	-1.458435E-05
 -0.002567	-1.415710E-05

 Potential	  Scan 2   
 0.002417	-1.375732E-05
 0.007431	-1.312256E-05
 0.012393	-1.263123E-05
 0.017392	-1.191406E-05
 0.022375	-1.112976E-05
 0.027365	-1.019287E-05
 0.032352	-9.130859E-06
 0.037341	-7.867432E-06
 0.042334	-6.423950E-06
 0.047318	-4.742432E-06
 0.052338	-2.844543E-06
 0.057312	-5.676270E-07
 0.062286	1.991272E-06
 0.067291	4.934692E-06
 0.072266	8.273315E-06
 0.077271	1.203613E-05
 0.082245	1.628113E-05
 0.087219	2.101440E-05
 0.092224	2.623596E-05
 0.097198	3.199463E-05
 0.102173	3.824463E-05
 0.107178	4.502869E-05
 0.112152	5.224609E-05
 0.117157	5.993652E-05
 0.122131	6.805420E-05
 0.127136	7.653809E-05
 0.132111	8.538818E-05
 0.137085	9.445190E-05
 0.142059	1.037903E-04
 0.147064	1.132813E-04
 0.152039	1.228027E-04
 0.157043	1.323242E-04
 0.162048	1.417542E-04
 0.167023	1.510010E-04
 0.171997	1.599426E-04
 0.177002	1.685181E-04
 0.181976	1.765442E-04
 0.186981	1.840210E-04
 0.191986	1.906738E-04
 0.196960	1.965027E-04
 0.201965	2.013855E-04
 0.206940	2.051392E-04
 0.211914	2.077332E-04
 0.216919	2.089844E-04
 0.221893	2.088928E-04
 0.226898	2.075195E-04
 0.231873	2.048340E-04
 0.236847	2.010498E-04
 0.241852	1.962585E-04
 0.246826	1.907654E-04
 0.251831	1.847839E-04
 0.256805	1.785889E-04
 0.261810	1.723633E-04
 0.266785	1.662903E-04
 0.271759	1.604614E-04
 0.276764	1.549683E-04
 0.281738	1.498413E-04
 0.286743	1.450195E-04
 0.291718	1.405640E-04
 0.296692	1.364441E-04
 0.301697	1.326294E-04
 0.306671	1.290588E-04
 0.311676	1.257629E-04
 0.316650	1.226807E-04
 0.321655	1.197815E-04
 0.326630	1.171265E-04
 0.331604	1.145935E-04
 0.336609	1.122437E-04
 0.341583	1.100159E-04
 0.346558	1.079102E-04
 0.351563	1.059265E-04
 0.356537	1.040344E-04
 0.361542	1.022644E-04
 0.366516	1.005554E-04
 0.371521	9.890747E-05
 0.376495	9.735107E-05
 0.381470	9.585571E-05
 0.386475	9.445190E-05
 0.391449	9.307861E-05
 0.396454	9.173584E-05
 0.401428	9.048462E-05
 0.406403	8.923340E-05
 0.411407	8.804321E-05
 0.416382	8.688354E-05
 0.421387	8.578491E-05
 0.426361	8.468628E-05
 0.431335	8.361816E-05
 0.436340	8.255005E-05
 0.441315	8.154297E-05
 0.446320	8.056641E-05
 0.451294	7.958984E-05
 0.456268	7.864380E-05
 0.461273	7.769775E-05
 0.466248	7.678223E-05
 0.471252	7.586670E-05
 0.476227	7.498169E-05
 0.481232	7.409668E-05
 0.486206	7.324219E-05
 0.491180	7.238770E-05
 0.496185	7.153320E-05
 0.501709	7.073975E-05
 0.498810	6.198120E-05
 0.493805	5.700684E-05
 0.488800	5.419922E-05
 0.483795	5.209351E-05
 0.478760	5.038452E-05
 0.473755	4.892578E-05
 0.468750	4.758911E-05
 0.463715	4.637451E-05
 0.458710	4.524231E-05
 0.453705	4.416809E-05
 0.448700	4.316406E-05
 0.443695	4.218750E-05
 0.438690	4.125977E-05
 0.433655	4.036255E-05
 0.428650	3.949280E-05
 0.423645	3.863525E-05
 0.418640	3.781738E-05
 0.413605	3.700867E-05
 0.408600	3.620300E-05
 0.403595	3.541870E-05
 0.398590	3.464050E-05
 0.393585	3.388672E-05
 0.388580	3.312073E-05
 0.383545	3.237610E-05
 0.378540	3.162231E-05
 0.373535	3.088074E-05
 0.368530	3.014526E-05
 0.363525	2.939453E-05
 0.358521	2.865295E-05
 0.353485	2.790527E-05
 0.348511	2.717285E-05
 0.343475	2.640076E-05
 0.338470	2.565002E-05
 0.333466	2.489929E-05
 0.328461	2.409668E-05
 0.323456	2.329712E-05
 0.318451	2.247620E-05
 0.313416	2.162170E-05
 0.308411	2.074890E-05
 0.303406	1.983337E-05
 0.298401	1.888428E-05
 0.293396	1.787720E-05
 0.288391	1.681824E-05
 0.283356	1.563110E-05
 0.278381	1.441956E-05
 0.273346	1.304016E-05
 0.268341	1.160583E-05
 0.263336	1.000366E-05
 0.258331	8.242798E-06
 0.253326	6.286621E-06
 0.248322	4.133606E-06
 0.243317	1.749573E-06
 0.238312	-9.207153E-07
 0.233307	-3.894043E-06
 0.228271	-7.168579E-06
 0.223267	-1.080627E-05
 0.218262	-1.484070E-05
 0.213257	-1.929626E-05
 0.208252	-2.416992E-05
 0.203247	-2.948303E-05
 0.198242	-3.524780E-05
 0.193237	-4.146729E-05
 0.188232	-4.814453E-05
 0.183197	-5.526733E-05
 0.178192	-6.274414E-05
 0.173187	-7.061768E-05
 0.168182	-7.882690E-05
 0.163177	-8.731079E-05
 0.158173	-9.597778E-05
 0.153168	-1.047974E-04
 0.148163	-1.136780E-04
 0.143158	-1.226196E-04
 0.138153	-1.314087E-04
 0.133148	-1.400757E-04
 0.128143	-1.484680E-04
 0.123138	-1.564331E-04
 0.118103	-1.639709E-04
 0.113098	-1.708069E-04
 0.108093	-1.769409E-04
 0.103088	-1.821289E-04
 0.098083	-1.863403E-04
 0.093079	-1.894226E-04
 0.088074	-1.912842E-04
 0.083069	-1.916809E-04
 0.078064	-1.906433E-04
 0.073029	-1.882629E-04
 0.068024	-1.846008E-04
 0.063019	-1.799011E-04
 0.057983	-1.743774E-04
 0.052979	-1.683350E-04
 0.047968	-1.620178E-04
 0.042953	-1.557007E-04
 0.037943	-1.495056E-04
 0.032928	-1.436157E-04
 0.027924	-1.380615E-04
 0.022910	-1.329041E-04
 0.017902	-1.280823E-04
 0.012888	-1.236877E-04
 0.007898	-1.195984E-04
 0.002878	-1.158447E-04
 -0.002136	-1.123352E-04
 -0.007144	-1.091614E-04
 -0.012152	-1.061401E-04
 -0.017160	-1.033630E-04
 -0.022171	-1.007996E-04
 -0.027182	-9.838867E-05
 -0.032187	-9.616089E-05
 -0.037201	-9.405518E-05
 -0.042206	-9.210205E-05
 -0.047217	-9.027100E-05
 -0.052185	-8.853149E-05
 -0.057190	-8.688354E-05
 -0.062195	-8.532715E-05
 -0.067200	-8.389282E-05
 -0.072205	-8.248901E-05
 -0.077209	-8.123779E-05
 -0.082214	-7.998657E-05
 -0.087219	-7.879639E-05
 -0.092224	-7.769775E-05
 -0.097229	-7.662964E-05
 -0.102234	-7.562256E-05
 -0.107269	-7.464600E-05
 -0.112274	-7.373047E-05
 -0.117249	-7.287598E-05
 -0.122284	-7.202148E-05
 -0.127289	-7.122803E-05
 -0.132294	-7.046509E-05
 -0.137299	-6.970215E-05
 -0.142303	-6.900024E-05
 -0.147308	-6.832886E-05
 -0.152313	-6.765747E-05
 -0.157318	-6.704712E-05
 -0.162323	-6.646729E-05
 -0.167328	-6.585693E-05
 -0.172333	-6.530762E-05
 -0.177338	-6.475830E-05
 -0.182343	-6.423950E-05
 -0.187347	-6.378174E-05
 -0.192383	-6.329346E-05
 -0.197388	-6.283569E-05
 -0.202393	-6.237793E-05
 -0.207397	-6.198120E-05
 -0.212402	-6.155396E-05
 -0.217407	-6.118774E-05
 -0.222412	-6.079102E-05
 -0.227417	-6.042480E-05
 -0.232422	-6.008911E-05
 -0.237427	-5.978394E-05
 -0.242432	-5.941772E-05
 -0.247437	-5.911255E-05
 -0.252441	-5.883789E-05
 -0.257477	-5.853271E-05
 -0.262482	-5.825806E-05
 -0.267456	-5.801392E-05
 -0.272491	-5.776978E-05
 -0.277496	-5.752563E-05
 -0.282501	-5.734253E-05
 -0.287506	-5.712891E-05
 -0.292511	-5.697632E-05
 -0.297516	-5.676270E-05
 -0.295532	-3.797302E-05
 -0.290527	-2.927856E-05
 -0.285522	-2.788696E-05
 -0.280518	-2.724304E-05
 -0.275513	-2.677307E-05
 -0.270538	-2.636108E-05
 -0.265533	-2.599487E-05
 -0.260559	-2.565918E-05
 -0.255554	-2.533875E-05
 -0.250549	-2.505493E-05
 -0.245575	-2.481995E-05
 -0.240570	-2.456665E-05
 -0.235596	-2.430115E-05
 -0.230591	-2.409058E-05
 -0.225616	-2.388000E-05
 -0.220612	-2.365723E-05
 -0.215637	-2.344055E-05
 -0.210632	-2.323608E-05
 -0.205658	-2.305908E-05
 -0.200653	-2.288513E-05
 -0.195679	-2.269592E-05
 -0.190674	-2.253113E-05
 -0.185669	-2.236328E-05
 -0.180695	-2.219543E-05
 -0.175690	-2.203979E-05
 -0.170715	-2.189026E-05
 -0.165710	-2.173157E-05
 -0.160736	-2.160034E-05
 -0.155762	-2.145691E-05
 -0.150757	-2.131958E-05
 -0.145752	-2.116699E-05
 -0.140778	-2.108154E-05
 -0.135773	-2.088623E-05
 -0.130798	-2.077637E-05
 -0.125793	-2.066650E-05
 -0.120819	-2.051697E-05
 -0.115814	-2.041016E-05
 -0.110840	-2.028809E-05
 -0.105835	-2.017517E-05
 -0.100861	-2.003784E-05
 -0.095856	-1.993408E-05
 -0.090881	-1.981812E-05
 -0.085907	-1.970825E-05
 -0.080902	-1.958313E-05
 -0.075928	-1.945190E-05
 -0.070923	-1.930847E-05
 -0.065948	-1.917725E-05
 -0.060944	-1.904907E-05
 -0.055939	-1.889038E-05
 -0.050964	-1.873779E-05
 -0.046036	-1.856384E-05
 -0.041046	-1.838379E-05
 -0.036057	-1.818848E-05
 -0.031067	-1.796265E-05
 -0.026077	-1.771240E-05
 -0.021085	-1.745605E-05
 -0.016095	-1.716003E-05
 -0.011105	-1.682434E-05
 -0.006113	-1.643677E-05
 -0.001123	-1.604919E-05

 Potential	  Scan 3   
 0.003864	-1.553040E-05
 0.008856	-1.493225E-05
 0.013846	-1.429749E-05
 0.018835	-1.358337E-05
 0.023825	-1.270752E-05
 0.028815	-1.174316E-05
 0.033801	-1.058960E-05
 0.038797	-9.252930E-06
 0.043784	-7.723999E-06
 0.048770	-5.944824E-06
 0.053772	-3.900146E-06
 0.058777	-1.556702E-06
 0.063751	1.166382E-06
 0.068756	4.265747E-06
 0.073730	7.720947E-06
 0.078705	1.173401E-05
 0.083710	1.617432E-05
 0.088684	2.109985E-05
 0.093689	2.651978E-05
 0.098663	3.247681E-05
 0.103638	3.892212E-05
 0.108643	4.587708E-05
 0.113617	5.328369E-05
 0.118622	6.109619E-05
 0.123596	6.942749E-05
 0.128601	7.803345E-05
 0.133575	8.697510E-05
 0.138550	9.619141E-05
 0.143555	1.055908E-04
 0.148529	1.151123E-04
 0.153534	1.245728E-04
 0.158508	1.341248E-04
 0.163513	1.434937E-04
 0.168488	1.526794E-04
 0.173492	1.614990E-04
 0.178467	1.698914E-04
 0.183472	1.777344E-04
 0.188477	1.849365E-04
 0.193451	1.913147E-04
 0.198425	1.968384E-04
 0.203430	2.013245E-04
 0.208435	2.046509E-04
 0.213409	2.067261E-04
 0.218384	2.075195E-04
 0.223389	2.070007E-04
 0.228363	2.051086E-04
 0.233368	2.019958E-04
 0.238342	1.978149E-04
 0.243347	1.927185E-04
 0.248322	1.870117E-04
 0.253326	1.809692E-04
 0.258301	1.747131E-04
 0.263306	1.685486E-04
 0.268280	1.625671E-04
 0.273285	1.568298E-04
 0.278259	1.514587E-04
 0.283234	1.464233E-04
 0.288239	1.417542E-04
 0.293213	1.373901E-04
 0.298187	1.333923E-04
 0.303192	1.296387E-04
 0.308167	1.261597E-04
 0.313171	1.229553E-04
 0.318146	1.199646E-04
 0.323151	1.171265E-04
 0.328125	1.145020E-04
 0.333130	1.120300E-04
 0.338104	1.097412E-04
 0.343079	1.075439E-04
 0.348083	1.054688E-04
 0.353058	1.035156E-04
 0.358063	1.016541E-04
 0.363037	9.988403E-05
 0.368011	9.820557E-05
 0.373016	9.658813E-05
 0.377991	9.506226E-05
 0.382996	9.359741E-05
 0.387970	9.219360E-05
 0.392975	9.082031E-05
 0.397949	8.950806E-05
 0.402924	8.825684E-05
 0.407928	8.700562E-05
 0.412903	8.584595E-05
 0.417908	8.468628E-05
 0.422882	8.358765E-05
 0.427887	8.248901E-05
 0.432861	8.142090E-05
 0.437836	8.041382E-05
 0.442841	7.937622E-05
 0.447815	7.839966E-05
 0.452820	7.742310E-05
 0.457794	7.647705E-05
 0.462769	7.556152E-05
 0.467773	7.464600E-05
 0.472748	7.373047E-05
 0.477753	7.284546E-05
 0.482727	7.199097E-05
 0.487701	7.113647E-05
 0.492706	7.031250E-05
 0.497681	6.948853E-05
 0.498932	6.488037E-05
 0.493896	5.685425E-05
 0.488892	5.358887E-05
 0.483887	5.133057E-05
 0.478882	4.953003E-05
 0.473877	4.801941E-05
 0.468842	4.664917E-05
 0.463837	4.541626E-05
 0.458832	4.427490E-05
 0.453827	4.320068E-05
 0.448822	4.217834E-05
 0.443817	4.119873E-05
 0.438782	4.027710E-05
 0.433777	3.937378E-05
 0.428772	3.849792E-05
 0.423767	3.764648E-05
 0.418762	3.683167E-05
 0.413727	3.602295E-05
 0.408722	3.522339E-05
 0.403717	3.442078E-05
 0.398712	3.367310E-05
 0.393707	3.290710E-05
 0.388702	3.215942E-05
 0.383698	3.140259E-05
 0.378662	3.065186E-05
 0.373657	2.992554E-05
 0.368652	2.918091E-05
 0.363647	2.843628E-05
 0.358643	2.770996E-05
 0.353638	2.697144E-05
 0.348633	2.620239E-05
 0.343597	2.545471E-05
 0.338593	2.471619E-05
 0.333588	2.394104E-05
 0.328583	2.316284E-05
 0.323578	2.235718E-05
 0.318573	2.154846E-05
 0.313568	2.070313E-05
 0.308533	1.982727E-05
 0.303528	1.892090E-05
 0.298523	1.796875E-05
 0.293518	1.695557E-05
 0.288513	1.586304E-05
 0.283508	1.473694E-05
 0.278503	1.351624E-05
 0.273499	1.219177E-05
 0.268494	1.072998E-05
 0.263489	9.146118E-06
 0.258453	7.382202E-06
 0.253448	5.444336E-06
 0.248444	3.302612E-06
 0.243439	9.320068E-07
 0.238434	-1.738892E-06
 0.233429	-4.708862E-06
 0.228424	-7.943726E-06
 0.223419	-1.155090E-05
 0.218414	-1.557922E-05
 0.213379	-1.997986E-05
 0.208405	-2.479248E-05
 0.203369	-3.009338E-05
 0.198364	-3.580933E-05
 0.193359	-4.198608E-05
 0.188354	-4.860840E-05
 0.183350	-5.569458E-05
 0.178345	-6.317139E-05
 0.173340	-7.101440E-05
 0.168335	-7.916260E-05
 0.163330	-8.761597E-05
 0.158295	-9.628296E-05
 0.153320	-1.051025E-04
 0.148285	-1.140137E-04
 0.143280	-1.229553E-04
 0.138275	-1.317139E-04
 0.133270	-1.403809E-04
 0.128265	-1.487732E-04
 0.123260	-1.567688E-04
 0.118256	-1.642761E-04
 0.113251	-1.711731E-04
 0.108246	-1.773376E-04
 0.103210	-1.826477E-04
 0.098236	-1.868896E-04
 0.093231	-1.900024E-04
 0.088196	-1.918945E-04
 0.083191	-1.924438E-04
 0.078186	-1.916199E-04
 0.073181	-1.892395E-04
 0.068176	-1.856689E-04
 0.063141	-1.809998E-04
 0.058136	-1.755066E-04
 0.053131	-1.694946E-04
 0.048105	-1.631775E-04
 0.043094	-1.568604E-04
 0.038083	-1.506653E-04
 0.033075	-1.447449E-04
 0.028064	-1.391907E-04
 0.023053	-1.340027E-04
 0.018045	-1.291809E-04
 0.013034	-1.247253E-04
 0.008038	-1.206360E-04
 0.003018	-1.168518E-04
 -0.001990	-1.133423E-04
 -0.007001	-1.101379E-04
 -0.012006	-1.070862E-04
 -0.017017	-1.043091E-04
 -0.022028	-1.017151E-04
 -0.027036	-9.930420E-05
 -0.032047	-9.704590E-05
 -0.037051	-9.497070E-05
 -0.042062	-9.298706E-05
 -0.047070	-9.112549E-05
 -0.052032	-8.938599E-05
 -0.057037	-8.773804E-05
 -0.062042	-8.621216E-05
 -0.067047	-8.471680E-05
 -0.072052	-8.334351E-05
 -0.077057	-8.203125E-05
 -0.082062	-8.081055E-05
 -0.087067	-7.962036E-05
 -0.092072	-7.852173E-05
 -0.097076	-7.745361E-05
 -0.102081	-7.644653E-05
 -0.107117	-7.546997E-05
 -0.112122	-7.455444E-05
 -0.117126	-7.363892E-05
 -0.122131	-7.281494E-05
 -0.127136	-7.199097E-05
 -0.132141	-7.125854E-05
 -0.137146	-7.049561E-05
 -0.142151	-6.976318E-05
 -0.147156	-6.909180E-05
 -0.152161	-6.845093E-05
 -0.157166	-6.777954E-05
 -0.162170	-6.719971E-05
 -0.167175	-6.661987E-05
 -0.172180	-6.604004E-05
 -0.177185	-6.552124E-05
 -0.182190	-6.500244E-05
 -0.187195	-6.451416E-05
 -0.192230	-6.402588E-05
 -0.197235	-6.356812E-05
 -0.202240	-6.314087E-05
 -0.207245	-6.271362E-05
 -0.212250	-6.228638E-05
 -0.217255	-6.188965E-05
 -0.222260	-6.152344E-05
 -0.227264	-6.112671E-05
 -0.232269	-6.079102E-05
 -0.237274	-6.045532E-05
 -0.242279	-6.011963E-05
 -0.247284	-5.981445E-05
 -0.252289	-5.953979E-05
 -0.257294	-5.923462E-05
 -0.262299	-5.895996E-05
 -0.267303	-5.871582E-05
 -0.272339	-5.844116E-05
 -0.277313	-5.822754E-05
 -0.282318	-5.798340E-05
 -0.287323	-5.780029E-05
 -0.292328	-5.758667E-05
 -0.296387	-5.740356E-05
 -0.291412	-3.305664E-05
 -0.286407	-2.935486E-05
 -0.281403	-2.843018E-05
 -0.276428	-2.788086E-05
 -0.271423	-2.743530E-05
 -0.266418	-2.704163E-05
 -0.261444	-2.669678E-05
 -0.256439	-2.635193E-05
 -0.251465	-2.607117E-05
 -0.246460	-2.577209E-05
 -0.241455	-2.551575E-05
 -0.236481	-2.525024E-05
 -0.231476	-2.503357E-05
 -0.226501	-2.479553E-05
 -0.221497	-2.458496E-05
 -0.216522	-2.436523E-05
 -0.211517	-2.416077E-05
 -0.206512	-2.396240E-05
 -0.201538	-2.376099E-05
 -0.196533	-2.359009E-05
 -0.191559	-2.341614E-05
 -0.186554	-2.323914E-05
 -0.181549	-2.307434E-05
 -0.176575	-2.290649E-05
 -0.171600	-2.276001E-05
 -0.166595	-2.258606E-05
 -0.161621	-2.243958E-05
 -0.156616	-2.230225E-05
 -0.151611	-2.214966E-05
 -0.146637	-2.201233E-05
 -0.141663	-2.188416E-05
 -0.136658	-2.173767E-05
 -0.131683	-2.159729E-05
 -0.126678	-2.147217E-05
 -0.121704	-2.135010E-05
 -0.116699	-2.121582E-05
 -0.111725	-2.108154E-05
 -0.106720	-2.095947E-05
 -0.101746	-2.083435E-05
 -0.096741	-2.072754E-05
 -0.091766	-2.060242E-05
 -0.086761	-2.047729E-05
 -0.081787	-2.034302E-05
 -0.076813	-2.021179E-05
 -0.071808	-2.008057E-05
 -0.066833	-1.994934E-05
 -0.061829	-1.980591E-05
 -0.056824	-1.966553E-05
 -0.051849	-1.947632E-05
 -0.046921	-1.929321E-05
 -0.041928	-1.912231E-05
 -0.036938	-1.893616E-05
 -0.031943	-1.871338E-05
 -0.026956	-1.846924E-05
 -0.021964	-1.819763E-05
 -0.016974	-1.790771E-05
 -0.011984	-1.756287E-05
 -0.006995	-1.719971E-05
 -0.002002	-1.677551E-05

 Potential	  Scan 4   
 0.002985	-1.628723E-05
 0.007986	-1.567688E-05
 0.012961	-1.511536E-05
 0.017947	-1.436462E-05
 0.022940	-1.352234E-05
 0.027933	-1.254578E-05
 0.032922	-1.143188E-05
 0.037909	-1.013184E-05
 0.042902	-8.618164E-06
 0.047888	-6.869507E-06
 0.052887	-4.864502E-06
 0.057892	-2.572632E-06
 0.062866	9.338379E-08
 0.067871	3.138123E-06
 0.072845	6.600952E-06
 0.077850	1.047974E-05
 0.082825	1.483765E-05
 0.087799	1.967468E-05
 0.092804	2.505188E-05
 0.097778	3.090210E-05
 0.102753	3.728638E-05
 0.107758	4.416199E-05
 0.112762	5.148315E-05
 0.117737	5.929565E-05
 0.122711	6.750488E-05
 0.127716	7.608032E-05
 0.132690	8.499146E-05
 0.137665	9.414673E-05
 0.142670	1.035156E-04
 0.147644	1.130371E-04
 0.152649	1.225891E-04
 0.157623	1.321411E-04
 0.162628	1.415405E-04
 0.167603	1.507263E-04
 0.172607	1.596069E-04
 0.177612	1.680603E-04
 0.182587	1.759949E-04
 0.187592	1.832886E-04
 0.192596	1.898193E-04
 0.197571	1.954651E-04
 0.202576	2.001038E-04
 0.207550	2.036133E-04
 0.212524	2.058716E-04
 0.217529	2.068787E-04
 0.222504	2.065430E-04
 0.227509	2.048645E-04
 0.232513	2.019348E-04
 0.237488	1.978760E-04
 0.242462	1.929321E-04
 0.247467	1.872864E-04
 0.252441	1.813049E-04
 0.257446	1.750793E-04
 0.262451	1.688843E-04
 0.267426	1.628418E-04
 0.272400	1.570740E-04
 0.277405	1.516418E-04
 0.282379	1.465454E-04
 0.287384	1.418152E-04
 0.292358	1.374207E-04
 0.297333	1.333618E-04
 0.302338	1.295471E-04
 0.307312	1.260376E-04
 0.312317	1.227722E-04
 0.317322	1.197510E-04
 0.322296	1.168823E-04
 0.327301	1.142578E-04
 0.332275	1.117554E-04
 0.337250	1.094055E-04
 0.342255	1.071777E-04
 0.347229	1.051025E-04
 0.352203	1.031189E-04
 0.357208	1.012573E-04
 0.362183	9.945679E-05
 0.367188	9.777832E-05
 0.372162	9.613037E-05
 0.377167	9.460449E-05
 0.382141	9.310913E-05
 0.387146	9.167480E-05
 0.392120	9.030151E-05
 0.397125	8.898926E-05
 0.402100	8.770752E-05
 0.407074	8.648682E-05
 0.412079	8.529663E-05
 0.417053	8.413696E-05
 0.422028	8.300781E-05
 0.427032	8.190918E-05
 0.432007	8.084106E-05
 0.437012	7.980347E-05
 0.442017	7.879639E-05
 0.446991	7.778931E-05
 0.451996	7.684326E-05
 0.456970	7.589722E-05
 0.461945	7.495117E-05
 0.466949	7.403564E-05
 0.471924	7.312012E-05
 0.476898	7.226563E-05
 0.481903	7.138062E-05
 0.486877	7.052612E-05
 0.491882	6.970215E-05
 0.496857	6.887817E-05
 0.498322	6.481934E-05
 0.493317	5.636597E-05
 0.488281	5.307007E-05
 0.483276	5.081177E-05
 0.478271	4.903870E-05
 0.473267	4.750366E-05
 0.468262	4.615173E-05
 0.463226	4.490662E-05
 0.458221	4.378662E-05
 0.453217	4.271851E-05
 0.448212	4.170837E-05
 0.443207	4.073792E-05
 0.438202	3.981323E-05
 0.433167	3.892517E-05
 0.428162	3.805542E-05
 0.423157	3.722534E-05
 0.418152	3.638611E-05
 0.413147	3.558044E-05
 0.408142	3.477478E-05
 0.403137	3.402100E-05
 0.398132	3.325195E-05
 0.393127	3.247681E-05
 0.388123	3.173523E-05
 0.383087	3.099060E-05
 0.378082	3.024597E-05
 0.373077	2.950134E-05
 0.368073	2.877502E-05
 0.363068	2.803345E-05
 0.358063	2.729797E-05
 0.353058	2.654419E-05
 0.348053	2.579041E-05
 0.343048	2.503967E-05
 0.338013	2.430115E-05
 0.333008	2.350464E-05
 0.328033	2.276001E-05
 0.322998	2.196655E-05
 0.317993	2.116394E-05
 0.312988	2.031555E-05
 0.307983	1.943359E-05
 0.302979	1.851807E-05
 0.297974	1.754150E-05
 0.292969	1.653748E-05
 0.287964	1.546631E-05
 0.282928	1.430359E-05
 0.277954	1.307068E-05
 0.272919	1.174316E-05
 0.267914	1.027222E-05
 0.262909	8.633423E-06
 0.257904	6.906128E-06
 0.252899	4.943848E-06
 0.247894	2.800598E-06
 0.242889	4.104614E-07
 0.237885	-2.278442E-06
 0.232880	-5.209351E-06
 0.227875	-8.505249E-06
 0.222870	-1.216125E-05
 0.217865	-1.618958E-05
 0.212860	-2.064209E-05
 0.207855	-2.548218E-05
 0.202850	-3.080444E-05
 0.197845	-3.655701E-05
 0.192841	-4.276123E-05
 0.187836	-4.940796E-05
 0.182800	-5.657959E-05
 0.177795	-6.402588E-05
 0.172791	-7.189941E-05
 0.167786	-8.004761E-05
 0.162781	-8.850098E-05
 0.157776	-9.729004E-05
 0.152771	-1.060486E-04
 0.147766	-1.149292E-04
 0.142761	-1.238098E-04
 0.137756	-1.325989E-04
 0.132751	-1.412354E-04
 0.127747	-1.495667E-04
 0.122742	-1.575317E-04
 0.117737	-1.650085E-04
 0.112701	-1.718445E-04
 0.107727	-1.779175E-04
 0.102692	-1.831360E-04
 0.097717	-1.873474E-04
 0.092682	-1.903992E-04
 0.087677	-1.921692E-04
 0.082672	-1.926270E-04
 0.077667	-1.915894E-04
 0.072662	-1.892395E-04
 0.067657	-1.855774E-04
 0.062622	-1.808472E-04
 0.057617	-1.752930E-04
 0.052612	-1.692505E-04
 0.047592	-1.629639E-04
 0.042581	-1.566162E-04
 0.037573	-1.504822E-04
 0.032562	-1.445618E-04
 0.027554	-1.390076E-04
 0.022543	-1.339417E-04
 0.017538	-1.290588E-04
 0.012527	-1.246643E-04
 0.007535	-1.205444E-04
 0.002509	-1.168213E-04
 -0.002493	-1.133423E-04
 -0.007507	-1.101685E-04
 -0.012518	-1.071167E-04
 -0.017523	-1.043396E-04
 -0.022528	-1.017761E-04
 -0.027536	-9.936523E-05
 -0.032547	-9.713745E-05
 -0.037555	-9.506226E-05
 -0.042563	-9.307861E-05
 -0.047571	-9.124756E-05
 -0.052521	-8.950806E-05
 -0.057526	-8.786011E-05
 -0.062531	-8.633423E-05
 -0.067566	-8.505249E-05
 -0.072540	-8.337402E-05
 -0.077576	-8.215332E-05
 -0.082581	-8.093262E-05
 -0.087585	-7.977295E-05
 -0.092590	-7.864380E-05
 -0.097595	-7.760620E-05
 -0.102600	-7.659912E-05
 -0.107605	-7.562256E-05
 -0.112610	-7.470703E-05
 -0.117615	-7.382202E-05
 -0.122620	-7.299805E-05
 -0.127625	-7.217407E-05
 -0.132629	-7.141113E-05
 -0.137634	-7.067871E-05
 -0.142639	-6.994629E-05
 -0.147644	-6.927490E-05
 -0.152649	-6.860352E-05
 -0.157654	-6.799316E-05
 -0.162659	-6.738281E-05
 -0.167664	-6.680298E-05
 -0.172668	-6.625366E-05
 -0.177673	-6.570435E-05
 -0.182678	-6.518555E-05
 -0.187714	-6.469727E-05
 -0.192719	-6.423950E-05
 -0.197723	-6.378174E-05
 -0.202728	-6.332397E-05
 -0.207733	-6.286621E-05
 -0.212738	-6.246948E-05
 -0.217743	-6.210327E-05
 -0.222748	-6.170654E-05
 -0.227753	-6.130981E-05
 -0.232758	-6.100464E-05
 -0.237762	-6.066895E-05
 -0.242767	-6.033325E-05
 -0.247772	-6.002808E-05
 -0.252777	-5.972290E-05
 -0.257782	-5.941772E-05
 -0.262787	-5.914307E-05
 -0.267792	-5.889893E-05
 -0.272797	-5.865479E-05
 -0.277802	-5.841064E-05
 -0.282806	-5.819702E-05
 -0.287811	-5.801392E-05
 -0.292816	-5.780029E-05
 -0.297821	-5.764771E-05
 -0.294525	-3.633118E-05
 -0.289520	-2.991333E-05
 -0.284515	-2.872009E-05
 -0.279510	-2.810974E-05
 -0.274536	-2.765808E-05
 -0.269531	-2.723999E-05
 -0.264526	-2.687988E-05
 -0.259521	-2.655334E-05
 -0.254547	-2.624207E-05
 -0.249542	-2.597046E-05
 -0.244568	-2.569580E-05
 -0.239563	-2.542725E-05
 -0.234589	-2.519531E-05
 -0.229584	-2.498169E-05
 -0.224579	-2.476196E-05
 -0.219604	-2.455444E-05
 -0.214600	-2.432251E-05
 -0.209625	-2.413330E-05
 -0.204620	-2.394714E-05
 -0.199646	-2.376709E-05
 -0.194641	-2.359314E-05
 -0.189667	-2.344360E-05
 -0.184662	-2.321472E-05
 -0.179657	-2.306213E-05
 -0.174683	-2.295532E-05
 -0.169678	-2.275391E-05
 -0.164703	-2.259216E-05
 -0.159698	-2.246094E-05
 -0.154724	-2.230835E-05
 -0.149719	-2.218323E-05
 -0.144745	-2.203064E-05
 -0.139740	-2.190247E-05
 -0.134766	-2.178345E-05
 -0.129761	-2.164917E-05
 -0.124786	-2.151489E-05
 -0.119781	-2.137756E-05
 -0.114807	-2.125244E-05
 -0.109802	-2.112122E-05
 -0.104797	-2.100830E-05
 -0.099823	-2.089233E-05
 -0.094849	-2.076111E-05
 -0.089844	-2.064514E-05
 -0.084869	-2.053223E-05
 -0.079865	-2.039490E-05
 -0.074890	-2.027893E-05
 -0.069885	-2.015991E-05
 -0.064911	-1.997986E-05
 -0.059906	-1.987305E-05
 -0.054901	-1.969299E-05
 -0.049927	-1.951904E-05
 -0.044998	-1.934204E-05
 -0.040009	-1.916504E-05
 -0.035013	-1.894531E-05
 -0.030026	-1.872253E-05
 -0.025037	-1.847534E-05
 -0.020041	-1.820984E-05
 -0.015051	-1.787415E-05
 -0.010062	-1.751709E-05
 -0.005060	-1.713257E-05
 -0.000079	-1.672974E-05

 Potential	  Scan 5   
 0.004913	-1.617432E-05
 0.009900	-1.564026E-05
 0.014890	-1.493225E-05
 0.019882	-1.414185E-05
 0.024872	-1.325989E-05
 0.029858	-1.222229E-05
 0.034854	-1.102905E-05
 0.039841	-9.643555E-06
 0.044833	-8.010864E-06
 0.049835	-6.158447E-06
 0.054840	-4.037781E-06
 0.059814	-1.577759E-06
 0.064819	1.214600E-06
 0.069794	4.437866E-06
 0.074799	8.078003E-06
 0.079773	1.217957E-05
 0.084778	1.673889E-05
 0.089752	2.182922E-05
 0.094727	2.736511E-05
 0.099731	3.348083E-05
 0.104706	4.005127E-05
 0.109711	4.715576E-05
 0.114685	5.468750E-05
 0.119659	6.265259E-05
 0.124664	7.101440E-05
 0.129639	7.974243E-05
 0.134613	8.877563E-05
 0.139618	9.805298E-05
 0.144592	1.075134E-04
 0.149597	1.170349E-04
 0.154572	1.265869E-04
 0.159576	1.360474E-04
 0.164551	1.453857E-04
 0.169556	1.544189E-04
 0.174561	1.631470E-04
 0.179535	1.714172E-04
 0.184540	1.790771E-04
 0.189545	1.860657E-04
 0.194519	1.921997E-04
 0.199493	1.974182E-04
 0.204498	2.015686E-04
 0.209503	2.045593E-04
 0.214478	2.062988E-04
 0.219452	2.066956E-04
 0.224457	2.057495E-04
 0.229431	2.035217E-04
 0.234436	2.001038E-04
 0.239410	1.955872E-04
 0.244415	1.903381E-04
 0.249390	1.845398E-04
 0.254395	1.783752E-04
 0.259369	1.721802E-04
 0.264374	1.660156E-04
 0.269348	1.601257E-04
 0.274353	1.545105E-04
 0.279327	1.492004E-04
 0.284332	1.442566E-04
 0.289307	1.396790E-04
 0.294281	1.354065E-04
 0.299286	1.314697E-04
 0.304260	1.277771E-04
 0.309265	1.243896E-04
 0.314240	1.212158E-04
 0.319244	1.182556E-04
 0.324219	1.154785E-04
 0.329224	1.128845E-04
 0.334198	1.104736E-04
 0.339172	1.081848E-04
 0.344177	1.060181E-04
 0.349152	1.040039E-04
 0.354156	1.020203E-04
 0.359131	1.001892E-04
 0.364136	9.844971E-05
 0.369110	9.677124E-05
 0.374084	9.518433E-05
 0.379089	9.365845E-05
 0.384064	9.219360E-05
 0.389069	9.078979E-05
 0.394043	8.941650E-05
 0.399017	8.813477E-05
 0.404022	8.685303E-05
 0.408997	8.563232E-05
 0.414001	8.447266E-05
 0.418976	8.331299E-05
 0.423981	8.221436E-05
 0.428955	8.114624E-05
 0.433929	8.007813E-05
 0.438934	7.907104E-05
 0.443939	7.803345E-05
 0.448914	7.705688E-05
 0.453888	7.611084E-05
 0.458893	7.516479E-05
 0.463867	7.421875E-05
 0.468872	7.333374E-05
 0.473846	7.244873E-05
 0.478821	7.156372E-05
 0.483826	7.070923E-05
 0.488800	6.985474E-05
 0.493805	6.903076E-05
 0.498779	6.820679E-05
 0.500488	6.365967E-05
 0.494995	5.575562E-05
 0.489990	5.258179E-05
 0.484985	5.035400E-05
 0.479980	4.862366E-05
 0.474976	4.710693E-05
 0.469940	4.577332E-05
 0.464935	4.457397E-05
 0.459930	4.344482E-05
 0.454926	4.239807E-05
 0.449921	4.139099E-05
 0.444885	4.044800E-05
 0.439880	3.951416E-05
 0.434875	3.862610E-05
 0.429871	3.778992E-05
 0.424866	3.695374E-05
 0.419861	3.610535E-05
 0.414825	3.534241E-05
 0.409821	3.457336E-05
 0.404816	3.380432E-05
 0.399811	3.303833E-05
 0.394806	3.229065E-05
 0.389801	3.153687E-05
 0.384796	3.080139E-05
 0.379791	3.005981E-05
 0.374756	2.930908E-05
 0.369751	2.861023E-05
 0.364746	2.787170E-05
 0.359741	2.714233E-05
 0.354736	2.641296E-05
 0.349731	2.568359E-05
 0.344727	2.493896E-05
 0.339722	2.418518E-05
 0.334717	2.342834E-05
 0.329681	2.265930E-05
 0.324677	2.187195E-05
 0.319672	2.105713E-05
 0.314667	2.022095E-05
 0.309662	1.936646E-05
 0.304657	1.847839E-05
 0.299652	1.752930E-05
 0.294647	1.654053E-05
 0.289642	1.549683E-05
 0.284607	1.437683E-05
 0.279633	1.318359E-05
 0.274597	1.188049E-05
 0.269592	1.046753E-05
 0.264587	8.914185E-06
 0.259583	7.211304E-06
 0.254578	5.358887E-06
 0.249573	3.228760E-06
 0.244568	8.993530E-07
 0.239563	-1.579590E-06
 0.234558	-4.421387E-06
 0.229553	-7.595825E-06
 0.224548	-1.114502E-05
 0.219543	-1.503296E-05
 0.214539	-1.929016E-05
 0.209534	-2.398682E-05
 0.204529	-2.911987E-05
 0.199524	-3.470154E-05
 0.194519	-4.076538E-05
 0.189514	-4.725647E-05
 0.184479	-5.419922E-05
 0.179474	-6.155396E-05
 0.174469	-6.924438E-05
 0.169464	-7.742310E-05
 0.164459	-8.581543E-05
 0.159454	-9.439087E-05
 0.154449	-1.031494E-04
 0.149445	-1.119995E-04
 0.144440	-1.208496E-04
 0.139435	-1.296692E-04
 0.134430	-1.383667E-04
 0.129425	-1.468201E-04
 0.124420	-1.549377E-04
 0.119385	-1.625671E-04
 0.114410	-1.696472E-04
 0.109375	-1.759949E-04
 0.104370	-1.815491E-04
 0.099365	-1.861267E-04
 0.094360	-1.896057E-04
 0.089355	-1.918335E-04
 0.084351	-1.927490E-04
 0.079346	-1.922913E-04
 0.074341	-1.903687E-04
 0.069336	-1.871643E-04
 0.064301	-1.827698E-04
 0.059296	-1.775208E-04
 0.054291	-1.716003E-04
 0.049286	-1.653442E-04
 0.044257	-1.589966E-04
 0.039246	-1.527710E-04
 0.034235	-1.467590E-04
 0.029224	-1.411133E-04
 0.024216	-1.358032E-04
 0.019208	-1.308594E-04
 0.014197	-1.263123E-04
 0.009189	-1.221313E-04
 0.004181	-1.182861E-04
 -0.000824	-1.146851E-04
 -0.005832	-1.113281E-04
 -0.010843	-1.083374E-04
 -0.015851	-1.054688E-04
 -0.020856	-1.028137E-04
 -0.025867	-1.003723E-04
 -0.030869	-9.808350E-05
 -0.035880	-9.594727E-05
 -0.040887	-9.393311E-05
 -0.045898	-9.204102E-05
 -0.050842	-9.027100E-05
 -0.055847	-8.856201E-05
 -0.060852	-8.703613E-05
 -0.065887	-8.554077E-05
 -0.070892	-8.413696E-05
 -0.075897	-8.279419E-05
 -0.080902	-8.151245E-05
 -0.085907	-8.035278E-05
 -0.090912	-7.922363E-05
 -0.095917	-7.812500E-05
 -0.100922	-7.708740E-05
 -0.105927	-7.611084E-05
 -0.110931	-7.519531E-05
 -0.115936	-7.427979E-05
 -0.120941	-7.342529E-05
 -0.125946	-7.263184E-05
 -0.130951	-7.183838E-05
 -0.135956	-7.110596E-05
 -0.140961	-7.037354E-05
 -0.145966	-6.964111E-05
 -0.150970	-6.896973E-05
 -0.155975	-6.835938E-05
 -0.161011	-6.771851E-05
 -0.165985	-6.713867E-05
 -0.170990	-6.661987E-05
 -0.175995	-6.607056E-05
 -0.181000	-6.552124E-05
 -0.186035	-6.503296E-05
 -0.191040	-6.454468E-05
 -0.196045	-6.405640E-05
 -0.201050	-6.362915E-05
 -0.206055	-6.320190E-05
 -0.211060	-6.280518E-05
 -0.216064	-6.237793E-05
 -0.221069	-6.198120E-05
 -0.226074	-6.161499E-05
 -0.231079	-6.124878E-05
 -0.236084	-6.091309E-05
 -0.241089	-6.060791E-05
 -0.246094	-6.027222E-05
 -0.251099	-5.996704E-05
 -0.256104	-5.966187E-05
 -0.261108	-5.938721E-05
 -0.266113	-5.914307E-05
 -0.271118	-5.886841E-05
 -0.276123	-5.862427E-05
 -0.281128	-5.841064E-05
 -0.286133	-5.819702E-05
 -0.291138	-5.801392E-05
 -0.296143	-5.783081E-05
 -0.295685	-4.314270E-05
 -0.290680	-3.081360E-05
 -0.285675	-2.911682E-05
 -0.280670	-2.842407E-05
 -0.275665	-2.794189E-05
 -0.270691	-2.753296E-05
 -0.265686	-2.714539E-05
 -0.260681	-2.680664E-05
 -0.255707	-2.650452E-05
 -0.250702	-2.620850E-05
 -0.245697	-2.593994E-05
 -0.240723	-2.565613E-05
 -0.235718	-2.541504E-05
 -0.230743	-2.524719E-05
 -0.225739	-2.506714E-05
 -0.220734	-2.477112E-05
 -0.215759	-2.455139E-05
 -0.210754	-2.432251E-05
 -0.205780	-2.414246E-05
 -0.200775	-2.395630E-05
 -0.195801	-2.378235E-05
 -0.190796	-2.360840E-05
 -0.185791	-2.343750E-05
 -0.180817	-2.327576E-05
 -0.175812	-2.311707E-05
 -0.170837	-2.298889E-05
 -0.165833	-2.278748E-05
 -0.160858	-2.264404E-05
 -0.155853	-2.249451E-05
 -0.150879	-2.237244E-05
 -0.145874	-2.223206E-05
 -0.140900	-2.208557E-05
 -0.135895	-2.195740E-05
 -0.130920	-2.181702E-05
 -0.125916	-2.169189E-05
 -0.120941	-2.156677E-05
 -0.115936	-2.144775E-05
 -0.110962	-2.131653E-05
 -0.105957	-2.117920E-05
 -0.100952	-2.106018E-05
 -0.095978	-2.094421E-05
 -0.091003	-2.084045E-05
 -0.085999	-2.070007E-05
 -0.080994	-2.057190E-05
 -0.076019	-2.042542E-05
 -0.071045	-2.030334E-05
 -0.066040	-2.015991E-05
 -0.061035	-2.002258E-05
 -0.056061	-1.985474E-05
 -0.051056	-1.972961E-05
 -0.046140	-1.953125E-05
 -0.041147	-1.932678E-05
 -0.036154	-1.916199E-05
 -0.031165	-1.894531E-05
 -0.026175	-1.865540E-05
 -0.021179	-1.838379E-05
 -0.016193	-1.809082E-05
 -0.011200	-1.773682E-05
 -0.006207	-1.736145E-05
 -0.001215	-1.696167E-05
