Date: 15-08-25
Time: 14:06:47 PM

Exp. Conditions:
Cyclic voltammetry
Start potential (V) = .0000
First vertex potential (V) = .5000
Second vertex potential (V) = -.3000
Step potential (V) = .00500
Scan rate (V/s) = .09998
Equilibration time (s) = 
Number of Data Points =  320 

 Potential	  Scan 1   
 0.002109	-1.027222E-05
 0.009598	-7.501221E-06
 0.014578	-7.006836E-06
 0.019556	-6.536865E-06
 0.024533	-6.039429E-06
 0.029510	-5.462646E-06
 0.034488	-4.806213E-06
 0.039465	-4.042969E-06
 0.044446	-3.149109E-06
 0.049408	-2.125549E-06
 0.054413	-9.143066E-07
 0.059387	4.846191E-07
 0.064362	2.204285E-06
 0.069336	4.106140E-06
 0.074310	6.286621E-06
 0.079285	8.810425E-06
 0.084259	1.168823E-05
 0.089233	1.493835E-05
 0.094208	1.858826E-05
 0.099182	2.266846E-05
 0.104156	2.715454E-05
 0.109131	3.209534E-05
 0.114105	3.734741E-05
 0.119080	4.307861E-05
 0.124054	4.920959E-05
 0.129028	5.563354E-05
 0.134003	6.237793E-05
 0.139008	6.942749E-05
 0.143951	7.659912E-05
 0.148926	8.389282E-05
 0.153931	9.121704E-05
 0.158905	9.848022E-05
 0.163879	1.055908E-04
 0.168854	1.124878E-04
 0.173828	1.190186E-04
 0.178802	1.250610E-04
 0.183777	1.306152E-04
 0.188751	1.354065E-04
 0.193726	1.394958E-04
 0.198700	1.427002E-04
 0.203674	1.448975E-04
 0.208649	1.461182E-04
 0.213623	1.463013E-04
 0.218597	1.454468E-04
 0.223572	1.436157E-04
 0.228546	1.409302E-04
 0.233521	1.375427E-04
 0.238495	1.336670E-04
 0.243469	1.294556E-04
 0.248444	1.251221E-04
 0.253418	1.207581E-04
 0.258423	1.165161E-04
 0.263397	1.123962E-04
 0.268372	1.085205E-04
 0.273346	1.048584E-04
 0.278320	1.014709E-04
 0.283295	9.826660E-05
 0.288269	9.530640E-05
 0.293243	9.259033E-05
 0.298218	9.002686E-05
 0.303192	8.764648E-05
 0.308136	8.544922E-05
 0.313141	8.337402E-05
 0.318115	8.142090E-05
 0.323090	7.962036E-05
 0.328064	7.791138E-05
 0.333038	7.632446E-05
 0.338013	7.482910E-05
 0.342987	7.339478E-05
 0.347961	7.202148E-05
 0.352936	7.077026E-05
 0.357910	6.954956E-05
 0.362885	6.838989E-05
 0.367859	6.726074E-05
 0.372833	6.619263E-05
 0.377808	6.518555E-05
 0.382782	6.451416E-05
 0.387756	6.335449E-05
 0.392731	6.237793E-05
 0.397705	6.152344E-05
 0.402679	6.066895E-05
 0.407623	5.984497E-05
 0.412628	5.905151E-05
 0.417572	5.825806E-05
 0.422546	5.749512E-05
 0.427521	5.676270E-05
 0.432495	5.606079E-05
 0.437469	5.535889E-05
 0.442474	5.468750E-05
 0.447418	5.398560E-05
 0.452393	5.334473E-05
 0.457367	5.270386E-05
 0.462341	5.206299E-05
 0.467316	5.142212E-05
 0.472290	5.081177E-05
 0.477264	5.020142E-05
 0.482239	4.964905E-05
 0.487213	4.905701E-05
 0.492188	4.848328E-05
 0.497162	4.791870E-05
 0.498383	4.474182E-05
 0.493378	4.003601E-05
 0.488342	3.818054E-05
 0.483337	3.687744E-05
 0.478333	3.581238E-05
 0.473297	3.489075E-05
 0.468292	3.406982E-05
 0.463287	3.330688E-05
 0.458252	3.260498E-05
 0.453247	3.193665E-05
 0.448242	3.129883E-05
 0.443237	3.067932E-05
 0.438202	3.010254E-05
 0.433197	2.952271E-05
 0.428162	2.899170E-05
 0.423157	2.844543E-05
 0.418152	2.792358E-05
 0.413147	2.739258E-05
 0.408112	2.689514E-05
 0.403107	2.640381E-05
 0.398102	2.591248E-05
 0.393097	2.543335E-05
 0.388062	2.495728E-05
 0.383057	2.448730E-05
 0.378052	2.401123E-05
 0.373047	2.354431E-05
 0.368011	2.308044E-05
 0.363007	2.258911E-05
 0.358002	2.212524E-05
 0.352997	2.169800E-05
 0.347961	2.122192E-05
 0.342957	2.072754E-05
 0.337952	2.023926E-05
 0.332947	1.974487E-05
 0.327942	1.924438E-05
 0.322906	1.872864E-05
 0.317902	1.819763E-05
 0.312897	1.764221E-05
 0.307861	1.706238E-05
 0.302856	1.646423E-05
 0.297852	1.581116E-05
 0.292847	1.511230E-05
 0.287842	1.437683E-05
 0.282806	1.356506E-05
 0.277802	1.268005E-05
 0.272797	1.170044E-05
 0.267792	1.062622E-05
 0.262756	9.442139E-06
 0.257751	8.102417E-06
 0.252747	6.616211E-06
 0.247742	4.934692E-06
 0.242706	3.046570E-06
 0.237701	9.176636E-07
 0.232697	-1.483154E-06
 0.227692	-4.176636E-06
 0.222687	-7.183838E-06
 0.217682	-1.053772E-05
 0.212646	-1.422119E-05
 0.207642	-1.832581E-05
 0.202637	-2.281494E-05
 0.197632	-2.766724E-05
 0.192627	-3.298340E-05
 0.187622	-3.857727E-05
 0.182587	-4.454041E-05
 0.177582	-5.084229E-05
 0.172577	-5.746460E-05
 0.167572	-6.420898E-05
 0.162567	-7.110596E-05
 0.157532	-7.806396E-05
 0.152527	-8.502197E-05
 0.147522	-9.191895E-05
 0.142517	-9.857178E-05
 0.137512	-1.050110E-04
 0.132507	-1.109924E-04
 0.127472	-1.164856E-04
 0.122467	-1.213379E-04
 0.117462	-1.254883E-04
 0.112457	-1.287231E-04
 0.107422	-1.310730E-04
 0.102417	-1.323547E-04
 0.097412	-1.326294E-04
 0.092407	-1.318054E-04
 0.087372	-1.299744E-04
 0.082367	-1.272888E-04
 0.077362	-1.238708E-04
 0.072357	-1.199341E-04
 0.067352	-1.156921E-04
 0.062317	-1.112671E-04
 0.057312	-1.068726E-04
 0.052307	-1.026001E-04
 0.047278	-9.851074E-05
 0.042261	-9.466553E-05
 0.037253	-9.103394E-05
 0.032242	-8.767700E-05
 0.027231	-8.456421E-05
 0.022217	-8.169556E-05
 0.017203	-7.904053E-05
 0.012192	-7.656860E-05
 0.007199	-7.421875E-05
 0.002173	-7.214355E-05
 -0.002835	-7.015991E-05
 -0.007855	-6.835938E-05
 -0.012866	-6.661987E-05
 -0.017874	-6.503296E-05
 -0.022888	-6.350708E-05
 -0.027899	-6.210327E-05
 -0.032913	-6.079102E-05
 -0.037924	-5.957031E-05
 -0.042935	-5.838013E-05
 -0.047946	-5.731201E-05
 -0.052917	-5.624390E-05
 -0.057922	-5.526733E-05
 -0.062927	-5.435181E-05
 -0.067932	-5.346680E-05
 -0.072937	-5.261230E-05
 -0.077972	-5.181885E-05
 -0.082977	-5.105591E-05
 -0.087982	-5.035400E-05
 -0.092987	-4.961853E-05
 -0.097992	-4.895935E-05
 -0.102997	-4.835205E-05
 -0.108002	-4.773254E-05
 -0.113007	-4.716187E-05
 -0.118011	-4.660034E-05
 -0.123047	-4.607544E-05
 -0.128052	-4.555359E-05
 -0.133057	-4.506531E-05
 -0.138062	-4.459229E-05
 -0.143066	-4.413452E-05
 -0.148071	-4.370117E-05
 -0.153076	-4.327698E-05
 -0.158081	-4.287415E-05
 -0.163116	-4.247131E-05
 -0.168121	-4.209290E-05
 -0.173126	-4.174500E-05
 -0.178131	-4.137268E-05
 -0.183136	-4.104614E-05
 -0.188141	-4.069519E-05
 -0.193176	-4.043579E-05
 -0.198151	-3.997192E-05
 -0.203186	-3.979492E-05
 -0.208191	-3.949585E-05
 -0.213196	-3.923035E-05
 -0.218201	-3.897095E-05
 -0.223206	-3.872070E-05
 -0.228210	-3.847961E-05
 -0.233215	-3.823547E-05
 -0.238220	-3.801575E-05
 -0.243256	-3.780823E-05
 -0.248260	-3.759460E-05
 -0.253265	-3.736572E-05
 -0.258270	-3.722839E-05
 -0.263275	-3.705139E-05
 -0.268280	-3.688660E-05
 -0.273285	-3.672485E-05
 -0.278320	-3.658142E-05
 -0.283295	-3.644409E-05
 -0.288330	-3.631897E-05
 -0.293335	-3.621216E-05
 -0.298340	-3.610229E-05
 -0.294952	-2.290955E-05
 -0.289978	-2.143555E-05
 -0.284973	-2.097778E-05
 -0.279999	-2.063293E-05
 -0.275024	-2.032471E-05
 -0.270050	-2.005920E-05
 -0.265076	-1.982422E-05
 -0.260071	-1.957703E-05
 -0.255096	-1.934814E-05
 -0.250122	-1.914673E-05
 -0.245148	-1.900940E-05
 -0.240173	-1.878357E-05
 -0.235168	-1.860962E-05
 -0.230194	-1.846008E-05
 -0.225220	-1.830444E-05
 -0.220245	-1.813965E-05
 -0.215271	-1.798706E-05
 -0.210297	-1.784058E-05
 -0.205292	-1.772156E-05
 -0.200317	-1.755066E-05
 -0.195343	-1.743774E-05
 -0.190369	-1.730042E-05
 -0.185394	-1.722107E-05
 -0.180389	-1.708069E-05
 -0.175415	-1.696472E-05
 -0.170441	-1.685486E-05
 -0.165466	-1.674500E-05
 -0.160492	-1.662903E-05
 -0.155518	-1.652832E-05
 -0.150543	-1.641846E-05
 -0.145569	-1.635437E-05
 -0.140594	-1.622925E-05
 -0.135620	-1.613159E-05
 -0.130646	-1.602783E-05
 -0.125641	-1.593323E-05
 -0.120667	-1.583862E-05
 -0.115692	-1.575317E-05
 -0.110718	-1.567688E-05
 -0.105743	-1.557922E-05
 -0.100769	-1.549377E-05
 -0.095795	-1.539612E-05
 -0.090820	-1.532593E-05
 -0.085846	-1.522522E-05
 -0.080872	-1.514282E-05
 -0.075897	-1.505432E-05
 -0.070923	-1.495972E-05
 -0.065918	-1.485901E-05
 -0.060944	-1.476135E-05
 -0.055969	-1.464844E-05
 -0.050995	-1.455994E-05
 -0.046075	-1.444092E-05
 -0.041095	-1.432800E-05
 -0.036118	-1.418457E-05
 -0.031137	-1.405334E-05
 -0.026157	-1.389465E-05
 -0.021179	-1.372986E-05
 -0.016205	-1.355591E-05
 -0.011224	-1.334534E-05
 -0.006241	-1.310425E-05
 -0.001263	-1.288147E-05

 Potential	  Scan 2   
 0.003714	-1.254883E-05
 0.008694	-1.222229E-05
 0.013666	-1.183472E-05
 0.018643	-1.139221E-05
 0.023624	-1.087646E-05
 0.028601	-1.028442E-05
 0.033578	-9.600830E-06
 0.038556	-8.911133E-06
 0.043533	-7.864380E-06
 0.048511	-6.771851E-06
 0.053497	-5.532837E-06
 0.058472	-4.064026E-06
 0.063446	-2.384949E-06
 0.068451	-4.113770E-07
 0.073395	1.822205E-06
 0.078369	4.429932E-06
 0.083374	7.348633E-06
 0.088318	1.065674E-05
 0.093323	1.436768E-05
 0.098297	1.850586E-05
 0.103271	2.307129E-05
 0.108246	2.806091E-05
 0.113220	3.347473E-05
 0.118164	3.927612E-05
 0.123169	4.544067E-05
 0.128143	5.194092E-05
 0.133118	5.874634E-05
 0.138092	6.576538E-05
 0.143066	7.299805E-05
 0.148041	8.032227E-05
 0.153015	8.764648E-05
 0.157990	9.494019E-05
 0.162964	1.020813E-04
 0.167938	1.089478E-04
 0.172913	1.154480E-04
 0.177887	1.215515E-04
 0.182861	1.270142E-04
 0.187836	1.318665E-04
 0.192810	1.358948E-04
 0.197784	1.390381E-04
 0.202789	1.412659E-04
 0.207733	1.423950E-04
 0.212708	1.425476E-04
 0.217712	1.416626E-04
 0.222687	1.398010E-04
 0.227631	1.371460E-04
 0.232635	1.337585E-04
 0.237579	1.298828E-04
 0.242584	1.250916E-04
 0.247559	1.206665E-04
 0.252533	1.166382E-04
 0.257507	1.124268E-04
 0.262482	1.085510E-04
 0.267456	1.046448E-04
 0.272430	1.010742E-04
 0.277405	9.771729E-05
 0.282379	9.457397E-05
 0.287354	9.164429E-05
 0.292328	8.892822E-05
 0.297302	8.642578E-05
 0.302277	8.404541E-05
 0.307251	8.184814E-05
 0.312225	7.977295E-05
 0.317200	7.785034E-05
 0.322174	7.604980E-05
 0.327148	7.434082E-05
 0.332123	7.275391E-05
 0.337097	7.122803E-05
 0.342072	6.979370E-05
 0.347046	6.845093E-05
 0.352020	6.716919E-05
 0.356995	6.594849E-05
 0.361969	6.478882E-05
 0.366943	6.369019E-05
 0.371948	6.262207E-05
 0.376923	6.161499E-05
 0.381897	6.066895E-05
 0.386871	5.972290E-05
 0.391815	5.883789E-05
 0.396820	5.795288E-05
 0.401764	5.712891E-05
 0.406769	5.633545E-05
 0.411743	5.554199E-05
 0.416687	5.477905E-05
 0.421661	5.404663E-05
 0.426666	5.334473E-05
 0.431610	5.264282E-05
 0.436584	5.194092E-05
 0.441589	5.130005E-05
 0.446564	5.062866E-05
 0.451538	5.001831E-05
 0.456512	4.943237E-05
 0.461487	4.883118E-05
 0.466461	4.823914E-05
 0.471436	4.765930E-05
 0.476410	4.710083E-05
 0.481384	4.653320E-05
 0.486359	4.598999E-05
 0.491333	4.545288E-05
 0.496307	4.491882E-05
 0.501709	4.441223E-05
 0.499084	3.900146E-05
 0.494049	3.629150E-05
 0.489044	3.477783E-05
 0.484039	3.364258E-05
 0.479004	3.271179E-05
 0.473999	3.188171E-05
 0.468994	3.113403E-05
 0.463959	3.044128E-05
 0.458954	2.979431E-05
 0.453949	2.917480E-05
 0.448944	2.857971E-05
 0.443939	2.802124E-05
 0.438904	2.746887E-05
 0.433899	2.694397E-05
 0.428864	2.643738E-05
 0.423859	2.593689E-05
 0.418854	2.544250E-05
 0.413849	2.496643E-05
 0.408813	2.449341E-05
 0.403809	2.402954E-05
 0.398804	2.356567E-05
 0.393799	2.311707E-05
 0.388794	2.265625E-05
 0.383759	2.220764E-05
 0.378754	2.175903E-05
 0.373749	2.131958E-05
 0.368713	2.087708E-05
 0.363739	2.043457E-05
 0.358704	1.999207E-05
 0.353699	1.953735E-05
 0.348694	1.908569E-05
 0.343689	1.863098E-05
 0.338654	1.818237E-05
 0.333649	1.770325E-05
 0.328644	1.723328E-05
 0.323639	1.672363E-05
 0.318634	1.620789E-05
 0.313599	1.568604E-05
 0.308594	1.513367E-05
 0.303589	1.454163E-05
 0.298584	1.393433E-05
 0.293579	1.326599E-05
 0.288544	1.254883E-05
 0.283539	1.177979E-05
 0.278534	1.094055E-05
 0.273529	1.000061E-05
 0.268494	8.959961E-06
 0.263489	7.836914E-06
 0.258484	6.555176E-06
 0.253479	5.130005E-06
 0.248474	3.482971E-06
 0.243439	1.653137E-06
 0.238434	-3.833008E-07
 0.233429	-2.703247E-06
 0.228424	-5.285645E-06
 0.223419	-8.184814E-06
 0.218414	-1.142883E-05
 0.213409	-1.504211E-05
 0.208405	-1.902161E-05
 0.203369	-2.338257E-05
 0.198364	-2.814941E-05
 0.193359	-3.328247E-05
 0.188354	-3.879395E-05
 0.183319	-4.465637E-05
 0.178314	-5.084229E-05
 0.173309	-5.731201E-05
 0.168304	-6.396484E-05
 0.163300	-7.083130E-05
 0.158295	-7.778931E-05
 0.153290	-8.474731E-05
 0.148254	-9.173584E-05
 0.143250	-9.835815E-05
 0.138245	-1.047668E-04
 0.133240	-1.108704E-04
 0.128235	-1.164856E-04
 0.123230	-1.214905E-04
 0.118195	-1.257324E-04
 0.113190	-1.291809E-04
 0.108185	-1.316833E-04
 0.103180	-1.332703E-04
 0.098175	-1.337585E-04
 0.093170	-1.332092E-04
 0.088165	-1.315918E-04
 0.083130	-1.290894E-04
 0.078125	-1.258240E-04
 0.073120	-1.220093E-04
 0.068115	-1.178284E-04
 0.063110	-1.134644E-04
 0.058075	-1.090698E-04
 0.053070	-1.047363E-04
 0.048053	-1.006165E-04
 0.043039	-9.674072E-05
 0.038031	-9.304810E-05
 0.033020	-8.963013E-05
 0.028009	-8.648682E-05
 0.022998	-8.352661E-05
 0.017984	-8.081055E-05
 0.012973	-7.830811E-05
 0.007980	-7.595825E-05
 0.002957	-7.382202E-05
 -0.002054	-7.180786E-05
 -0.007068	-6.997681E-05
 -0.012076	-6.817627E-05
 -0.017081	-6.655884E-05
 -0.022092	-6.503296E-05
 -0.027103	-6.356812E-05
 -0.032114	-6.222534E-05
 -0.037119	-6.097412E-05
 -0.042136	-5.978394E-05
 -0.047137	-5.865479E-05
 -0.052094	-5.758667E-05
 -0.057098	-5.657959E-05
 -0.062134	-5.563354E-05
 -0.067139	-5.471802E-05
 -0.072144	-5.386353E-05
 -0.077148	-5.303955E-05
 -0.082153	-5.224609E-05
 -0.087158	-5.154419E-05
 -0.092194	-5.120850E-05
 -0.097198	-5.014038E-05
 -0.102203	-4.945068E-05
 -0.107208	-4.884033E-05
 -0.112213	-4.823914E-05
 -0.117218	-4.766846E-05
 -0.122223	-4.711609E-05
 -0.127228	-4.663086E-05
 -0.132233	-4.608459E-05
 -0.137238	-4.561157E-05
 -0.142242	-4.514465E-05
 -0.147278	-4.468384E-05
 -0.152283	-4.426270E-05
 -0.157288	-4.384460E-05
 -0.162292	-4.342651E-05
 -0.167297	-4.305420E-05
 -0.172302	-4.266968E-05
 -0.177307	-4.230347E-05
 -0.182312	-4.195251E-05
 -0.187317	-4.163208E-05
 -0.192322	-4.129944E-05
 -0.197327	-4.099121E-05
 -0.202332	-4.069519E-05
 -0.207336	-4.039917E-05
 -0.212341	-4.010925E-05
 -0.217377	-3.985901E-05
 -0.222351	-3.955383E-05
 -0.227356	-3.931274E-05
 -0.232391	-3.909302E-05
 -0.237366	-3.885498E-05
 -0.242401	-3.864441E-05
 -0.247406	-3.843384E-05
 -0.252411	-3.823242E-05
 -0.257416	-3.803101E-05
 -0.262421	-3.793640E-05
 -0.267426	-3.766785E-05
 -0.272430	-3.750610E-05
 -0.277435	-3.736572E-05
 -0.282440	-3.721619E-05
 -0.287445	-3.709412E-05
 -0.292450	-3.695068E-05
 -0.297455	-3.684998E-05
 -0.294373	-2.378235E-05
 -0.289368	-2.224121E-05
 -0.284393	-2.178955E-05
 -0.279419	-2.148438E-05
 -0.274414	-2.111816E-05
 -0.269440	-2.089233E-05
 -0.264465	-2.061157E-05
 -0.259460	-2.038879E-05
 -0.254486	-2.016602E-05
 -0.249512	-1.998291E-05
 -0.244537	-1.977234E-05
 -0.239563	-1.959229E-05
 -0.234589	-1.940613E-05
 -0.229584	-1.923828E-05
 -0.224640	-1.907654E-05
 -0.219635	-1.892090E-05
 -0.214661	-1.876831E-05
 -0.209686	-1.862488E-05
 -0.204712	-1.846924E-05
 -0.199738	-1.832886E-05
 -0.194763	-1.820068E-05
 -0.189758	-1.807861E-05
 -0.184784	-1.795959E-05
 -0.179810	-1.780090E-05
 -0.174835	-1.769714E-05
 -0.169861	-1.759644E-05
 -0.164856	-1.745911E-05
 -0.159882	-1.734924E-05
 -0.154907	-1.725159E-05
 -0.149933	-1.713867E-05
 -0.144958	-1.702881E-05
 -0.139984	-1.692505E-05
 -0.135010	-1.682434E-05
 -0.130035	-1.673584E-05
 -0.125031	-1.663513E-05
 -0.120056	-1.654663E-05
 -0.115082	-1.643372E-05
 -0.110107	-1.634827E-05
 -0.105133	-1.624146E-05
 -0.100159	-1.615295E-05
 -0.095184	-1.607361E-05
 -0.090210	-1.597290E-05
 -0.085236	-1.589050E-05
 -0.080261	-1.578674E-05
 -0.075287	-1.569214E-05
 -0.070282	-1.559448E-05
 -0.065308	-1.549683E-05
 -0.060333	-1.539307E-05
 -0.055359	-1.529236E-05
 -0.050385	-1.517639E-05
 -0.045450	-1.506653E-05
 -0.040472	-1.492310E-05
 -0.035492	-1.479492E-05
 -0.030515	-1.463928E-05
 -0.025534	-1.447754E-05
 -0.020554	-1.430969E-05
 -0.015573	-1.411438E-05
 -0.010596	-1.388855E-05
 -0.005615	-1.364746E-05
 -0.000641	-1.339417E-05

 Potential	  Scan 3   
 0.004337	-1.306152E-05
 0.009317	-1.272583E-05
 0.014294	-1.231079E-05
 0.019275	-1.185913E-05
 0.024252	-1.129761E-05
 0.029233	-1.066895E-05
 0.034210	-9.930420E-06
 0.039191	-9.097290E-06
 0.044168	-8.120728E-06
 0.049146	-6.967163E-06
 0.054138	-5.664063E-06
 0.059113	-4.135132E-06
 0.064087	-2.357788E-06
 0.069092	-2.847290E-07
 0.074036	2.048340E-06
 0.079010	4.745483E-06
 0.084015	7.775879E-06
 0.088989	1.123352E-05
 0.093964	1.509094E-05
 0.098938	1.934509E-05
 0.103912	2.406311E-05
 0.108887	2.916870E-05
 0.113861	3.471680E-05
 0.118835	4.062195E-05
 0.123810	4.691772E-05
 0.128784	5.349731E-05
 0.133759	6.039429E-05
 0.138733	6.750488E-05
 0.143707	7.473755E-05
 0.148682	8.209229E-05
 0.153656	8.944702E-05
 0.158630	9.671021E-05
 0.163605	1.037598E-04
 0.168579	1.105347E-04
 0.173553	1.169128E-04
 0.178558	1.228333E-04
 0.183533	1.281128E-04
 0.188507	1.326904E-04
 0.193481	1.364441E-04
 0.198456	1.392822E-04
 0.203430	1.411438E-04
 0.208405	1.419983E-04
 0.213379	1.417542E-04
 0.218353	1.405640E-04
 0.223358	1.384277E-04
 0.228302	1.354675E-04
 0.233307	1.319580E-04
 0.238281	1.279297E-04
 0.243256	1.237183E-04
 0.248230	1.193848E-04
 0.253204	1.150513E-04
 0.258179	1.108398E-04
 0.263153	1.068420E-04
 0.268127	1.030579E-04
 0.273102	9.948730E-05
 0.278076	9.619141E-05
 0.283051	9.307861E-05
 0.288055	9.020996E-05
 0.293030	8.752441E-05
 0.298004	8.502197E-05
 0.302979	8.270264E-05
 0.307953	8.053589E-05
 0.312927	7.846069E-05
 0.317902	7.662964E-05
 0.322876	7.482910E-05
 0.327850	7.318115E-05
 0.332825	7.162476E-05
 0.337799	7.012939E-05
 0.342773	6.872559E-05
 0.347748	6.741333E-05
 0.352722	6.610107E-05
 0.357727	6.494141E-05
 0.362671	6.381226E-05
 0.367645	6.271362E-05
 0.372650	6.164551E-05
 0.377625	6.066895E-05
 0.382599	5.969238E-05
 0.387573	5.877686E-05
 0.392548	5.789185E-05
 0.397522	5.703735E-05
 0.402496	5.621338E-05
 0.407471	5.541992E-05
 0.412445	5.465698E-05
 0.417419	5.389404E-05
 0.422394	5.316162E-05
 0.427368	5.245972E-05
 0.432343	5.178833E-05
 0.437317	5.111694E-05
 0.442322	5.044556E-05
 0.447266	4.980469E-05
 0.452271	4.922180E-05
 0.457245	4.861145E-05
 0.462219	4.801331E-05
 0.467194	4.742737E-05
 0.472168	4.685669E-05
 0.477142	4.629517E-05
 0.482117	4.573975E-05
 0.487091	4.520569E-05
 0.492065	4.468079E-05
 0.497040	4.414978E-05
 0.498291	4.107666E-05
 0.493256	3.656006E-05
 0.488251	3.482666E-05
 0.483246	3.360596E-05
 0.478210	3.262634E-05
 0.473206	3.175964E-05
 0.468201	3.101807E-05
 0.463196	3.031311E-05
 0.458191	2.965698E-05
 0.453186	2.903137E-05
 0.448151	2.844543E-05
 0.443146	2.785950E-05
 0.438141	2.731628E-05
 0.433136	2.679138E-05
 0.428101	2.626648E-05
 0.423096	2.578735E-05
 0.418091	2.528992E-05
 0.413086	2.479858E-05
 0.408081	2.435303E-05
 0.403046	2.386780E-05
 0.398041	2.340088E-05
 0.393036	2.294617E-05
 0.388031	2.249451E-05
 0.383026	2.205200E-05
 0.378021	2.161865E-05
 0.372986	2.114868E-05
 0.367981	2.071533E-05
 0.362976	2.027588E-05
 0.357971	1.981506E-05
 0.352936	1.939392E-05
 0.347961	1.891785E-05
 0.342926	1.849060E-05
 0.337921	1.802063E-05
 0.332916	1.754456E-05
 0.327911	1.707764E-05
 0.322906	1.658020E-05
 0.317902	1.606750E-05
 0.312866	1.553650E-05
 0.307861	1.499023E-05
 0.302856	1.440735E-05
 0.297852	1.377563E-05
 0.292847	1.312256E-05
 0.287842	1.240845E-05
 0.282806	1.163635E-05
 0.277802	1.080627E-05
 0.272797	9.881592E-06
 0.267792	8.853149E-06
 0.262787	7.702637E-06
 0.257782	6.420898E-06
 0.252777	4.992676E-06
 0.247772	3.369446E-06
 0.242737	1.590271E-06
 0.237732	-4.617310E-07
 0.232727	-2.784729E-06
 0.227722	-5.300903E-06
 0.222717	-8.184814E-06
 0.217712	-1.142578E-05
 0.212708	-1.499329E-05
 0.207703	-1.897583E-05
 0.202698	-2.330017E-05
 0.197693	-2.802734E-05
 0.192688	-3.312988E-05
 0.187653	-3.864746E-05
 0.182648	-4.446411E-05
 0.177643	-5.065918E-05
 0.172638	-5.712891E-05
 0.167633	-6.381226E-05
 0.162628	-7.064819E-05
 0.157593	-7.763672E-05
 0.152618	-8.453369E-05
 0.147614	-9.152222E-05
 0.142578	-9.811401E-05
 0.137573	-1.046143E-04
 0.132568	-1.107178E-04
 0.127563	-1.163330E-04
 0.122559	-1.213684E-04
 0.117554	-1.256714E-04
 0.112549	-1.292114E-04
 0.107544	-1.318359E-04
 0.102539	-1.333923E-04
 0.097534	-1.339417E-04
 0.092529	-1.333923E-04
 0.087494	-1.318665E-04
 0.082489	-1.293335E-04
 0.077484	-1.261292E-04
 0.072479	-1.223450E-04
 0.067474	-1.181641E-04
 0.062439	-1.138000E-04
 0.057434	-1.094055E-04
 0.052429	-1.050720E-04
 0.047412	-1.009216E-04
 0.042401	-9.701538E-05
 0.037390	-9.335327E-05
 0.032382	-8.993530E-05
 0.027371	-8.676147E-05
 0.022360	-8.380127E-05
 0.017352	-8.108521E-05
 0.012344	-7.855225E-05
 0.007352	-7.620239E-05
 0.002325	-7.403564E-05
 -0.002679	-7.202148E-05
 -0.007693	-7.019043E-05
 -0.012701	-6.838989E-05
 -0.017709	-6.674194E-05
 -0.022720	-6.521606E-05
 -0.027725	-6.378174E-05
 -0.032736	-6.243896E-05
 -0.037744	-6.115723E-05
 -0.042755	-5.996704E-05
 -0.047763	-5.883789E-05
 -0.052704	-5.776978E-05
 -0.057709	-5.676270E-05
 -0.062744	-5.578613E-05
 -0.067749	-5.490112E-05
 -0.072754	-5.401611E-05
 -0.077759	-5.322266E-05
 -0.082764	-5.239868E-05
 -0.087769	-5.166626E-05
 -0.092773	-5.099487E-05
 -0.097778	-5.029297E-05
 -0.102753	-4.962158E-05
 -0.107788	-4.900208E-05
 -0.112793	-4.841003E-05
 -0.117798	-4.783325E-05
 -0.122803	-4.728088E-05
 -0.127808	-4.675903E-05
 -0.132813	-4.624634E-05
 -0.137817	-4.576111E-05
 -0.142822	-4.529724E-05
 -0.147827	-4.484558E-05
 -0.152832	-4.441223E-05
 -0.157806	-4.399719E-05
 -0.162842	-4.358521E-05
 -0.167847	-4.320679E-05
 -0.172821	-4.282532E-05
 -0.177856	-4.246216E-05
 -0.182831	-4.212036E-05
 -0.187866	-4.177551E-05
 -0.192871	-4.145508E-05
 -0.197876	-4.114380E-05
 -0.202881	-4.084473E-05
 -0.207886	-4.054260E-05
 -0.212891	-4.027710E-05
 -0.217896	-4.000549E-05
 -0.222900	-3.973999E-05
 -0.227905	-3.948975E-05
 -0.232910	-3.924561E-05
 -0.237915	-3.901367E-05
 -0.242920	-3.879395E-05
 -0.247925	-3.857422E-05
 -0.252930	-3.837585E-05
 -0.257935	-3.817444E-05
 -0.262939	-3.798828E-05
 -0.267944	-3.782043E-05
 -0.272949	-3.763733E-05
 -0.277954	-3.750000E-05
 -0.282959	-3.735962E-05
 -0.287964	-3.721924E-05
 -0.292969	-3.710022E-05
 -0.297974	-3.697815E-05
 -0.294495	-2.374268E-05
 -0.289490	-2.235413E-05
 -0.284515	-2.191467E-05
 -0.279510	-2.156372E-05
 -0.274536	-2.127686E-05
 -0.269562	-2.099915E-05
 -0.264557	-2.075806E-05
 -0.259583	-2.052917E-05
 -0.254608	-2.030640E-05
 -0.249603	-2.010803E-05
 -0.244629	-1.991577E-05
 -0.239655	-1.972351E-05
 -0.234680	-1.954956E-05
 -0.229675	-1.936646E-05
 -0.224701	-1.921082E-05
 -0.219727	-1.906128E-05
 -0.214752	-1.890259E-05
 -0.209778	-1.876526E-05
 -0.204773	-1.861877E-05
 -0.199799	-1.848755E-05
 -0.194824	-1.834717E-05
 -0.189850	-1.822510E-05
 -0.184845	-1.809692E-05
 -0.179871	-1.796570E-05
 -0.174896	-1.784058E-05
 -0.169922	-1.772461E-05
 -0.164917	-1.760254E-05
 -0.159943	-1.749573E-05
 -0.154968	-1.739197E-05
 -0.149994	-1.727600E-05
 -0.145020	-1.717834E-05
 -0.140045	-1.707153E-05
 -0.135040	-1.696472E-05
 -0.130066	-1.686401E-05
 -0.125092	-1.677551E-05
 -0.120117	-1.668091E-05
 -0.115143	-1.658325E-05
 -0.110138	-1.648254E-05
 -0.105164	-1.639709E-05
 -0.100189	-1.630554E-05
 -0.095215	-1.620178E-05
 -0.090240	-1.610413E-05
 -0.085266	-1.601868E-05
 -0.080292	-1.592407E-05
 -0.075317	-1.582947E-05
 -0.070313	-1.572876E-05
 -0.065338	-1.563416E-05
 -0.060364	-1.553040E-05
 -0.055389	-1.541748E-05
 -0.050385	-1.530457E-05
 -0.045480	-1.519470E-05
 -0.040497	-1.506348E-05
 -0.035519	-1.492615E-05
 -0.030536	-1.477051E-05
 -0.025558	-1.460266E-05
 -0.020575	-1.442871E-05
 -0.015601	-1.423340E-05
 -0.010617	-1.401367E-05
 -0.005637	-1.376648E-05
 -0.000659	-1.351013E-05

 Potential	  Scan 4   
 0.004321	-1.317749E-05
 0.009299	-1.282959E-05
 0.014279	-1.241455E-05
 0.019260	-1.192627E-05
 0.024240	-1.137695E-05
 0.029221	-1.074524E-05
 0.034201	-9.997559E-06
 0.039182	-9.158325E-06
 0.044159	-8.157349E-06
 0.049136	-6.988525E-06
 0.054138	-5.657959E-06
 0.059113	-4.106445E-06
 0.064087	-2.295837E-06
 0.069061	-2.111816E-07
 0.074036	2.172241E-06
 0.079010	4.901123E-06
 0.084015	7.989502E-06
 0.088989	1.148071E-05
 0.093964	1.536255E-05
 0.098938	1.968384E-05
 0.103912	2.443848E-05
 0.108887	2.959595E-05
 0.113861	3.517151E-05
 0.118835	4.112244E-05
 0.123840	4.746704E-05
 0.128815	5.407715E-05
 0.133789	6.100464E-05
 0.138763	6.814575E-05
 0.143738	7.540894E-05
 0.148712	8.276367E-05
 0.153687	9.008789E-05
 0.158661	9.732056E-05
 0.163635	1.043701E-04
 0.168640	1.111145E-04
 0.173615	1.174927E-04
 0.178589	1.233215E-04
 0.183563	1.285400E-04
 0.188538	1.330261E-04
 0.193542	1.366882E-04
 0.198517	1.394348E-04
 0.203491	1.411743E-04
 0.208466	1.419067E-04
 0.213440	1.415710E-04
 0.218414	1.402588E-04
 0.223389	1.380310E-04
 0.228363	1.350098E-04
 0.233368	1.314087E-04
 0.238342	1.273804E-04
 0.243317	1.231384E-04
 0.248291	1.187744E-04
 0.253265	1.144714E-04
 0.258240	1.102905E-04
 0.263214	1.063232E-04
 0.268188	1.025391E-04
 0.273163	9.899902E-05
 0.278168	9.570313E-05
 0.283142	9.262085E-05
 0.288116	8.978271E-05
 0.293091	8.709717E-05
 0.298065	8.462524E-05
 0.303040	8.233643E-05
 0.308014	8.016968E-05
 0.312988	7.815552E-05
 0.317993	7.629395E-05
 0.322937	7.452393E-05
 0.327942	7.284546E-05
 0.332916	7.128906E-05
 0.337891	6.982422E-05
 0.342865	6.842041E-05
 0.347839	6.710815E-05
 0.352814	6.585693E-05
 0.357788	6.463623E-05
 0.362762	6.350708E-05
 0.367737	6.240845E-05
 0.372711	6.137085E-05
 0.377686	6.036377E-05
 0.382690	5.941772E-05
 0.387665	5.850220E-05
 0.392639	5.761719E-05
 0.397614	5.676270E-05
 0.402588	5.593872E-05
 0.407562	5.514526E-05
 0.412537	5.438232E-05
 0.417511	5.361938E-05
 0.422485	5.288696E-05
 0.427460	5.227661E-05
 0.432434	5.151367E-05
 0.437439	5.084229E-05
 0.442413	5.017090E-05
 0.447388	4.957581E-05
 0.452362	4.895325E-05
 0.457336	4.834290E-05
 0.462311	4.775391E-05
 0.467285	4.716492E-05
 0.472260	4.659424E-05
 0.477234	4.602966E-05
 0.482208	4.548340E-05
 0.487183	4.494629E-05
 0.492157	4.440918E-05
 0.497131	4.389954E-05
 0.502319	4.339294E-05
 0.497986	3.742676E-05
 0.492950	3.518982E-05
 0.487946	3.382263E-05
 0.482941	3.276978E-05
 0.477905	3.188171E-05
 0.472900	3.109436E-05
 0.467896	3.037720E-05
 0.462891	2.971497E-05
 0.457886	2.908630E-05
 0.452881	2.848816E-05
 0.447845	2.792053E-05
 0.442841	2.737122E-05
 0.437836	2.684021E-05
 0.432831	2.633362E-05
 0.427826	2.583008E-05
 0.422791	2.534180E-05
 0.417786	2.486572E-05
 0.412781	2.439270E-05
 0.407776	2.392883E-05
 0.402771	2.347107E-05
 0.397766	2.301331E-05
 0.392731	2.256470E-05
 0.387726	2.212524E-05
 0.382721	2.168579E-05
 0.377716	2.124634E-05
 0.372711	2.080383E-05
 0.367706	2.036133E-05
 0.362701	1.993103E-05
 0.357697	1.948547E-05
 0.352661	1.906433E-05
 0.347656	1.860046E-05
 0.342651	1.805420E-05
 0.337646	1.773071E-05
 0.332642	1.724548E-05
 0.327637	1.676331E-05
 0.322632	1.626892E-05
 0.317627	1.576538E-05
 0.312592	1.518555E-05
 0.307587	1.470032E-05
 0.302582	1.410828E-05
 0.297577	1.348877E-05
 0.292572	1.284180E-05
 0.287567	1.213379E-05
 0.282562	1.137085E-05
 0.277557	1.054382E-05
 0.272552	9.600830E-06
 0.267517	8.584595E-06
 0.262512	7.458496E-06
 0.257507	6.188965E-06
 0.252502	4.769897E-06
 0.247498	3.169556E-06
 0.242493	1.366577E-06
 0.237488	-6.573486E-07
 0.232483	-2.935791E-06
 0.227448	-5.493164E-06
 0.222443	-8.355713E-06
 0.217438	-1.156311E-05
 0.212433	-1.513367E-05
 0.207428	-1.907654E-05
 0.202423	-2.339172E-05
 0.197418	-2.808533E-05
 0.192413	-3.317871E-05
 0.187408	-3.863831E-05
 0.182404	-4.448242E-05
 0.177399	-5.065918E-05
 0.172363	-5.709839E-05
 0.167358	-6.375122E-05
 0.162354	-7.061768E-05
 0.157349	-7.751465E-05
 0.152344	-8.447266E-05
 0.147339	-9.136963E-05
 0.142334	-9.808350E-05
 0.137329	-1.045837E-04
 0.132324	-1.106873E-04
 0.127319	-1.163330E-04
 0.122314	-1.213989E-04
 0.117310	-1.257324E-04
 0.112274	-1.292725E-04
 0.107269	-1.318970E-04
 0.102264	-1.335754E-04
 0.097260	-1.341248E-04
 0.092255	-1.336365E-04
 0.087250	-1.320801E-04
 0.082245	-1.296387E-04
 0.077240	-1.264038E-04
 0.072205	-1.226501E-04
 0.067230	-1.184692E-04
 0.062195	-1.141052E-04
 0.057190	-1.097107E-04
 0.052185	-1.053772E-04
 0.047165	-1.012573E-04
 0.042154	-9.732056E-05
 0.037146	-9.365845E-05
 0.032141	-9.020996E-05
 0.027130	-8.703613E-05
 0.022119	-8.407593E-05
 0.017114	-8.132935E-05
 0.012103	-7.879639E-05
 0.007114	-7.641602E-05
 0.002087	-7.427979E-05
 -0.002914	-7.226563E-05
 -0.007928	-7.037354E-05
 -0.012936	-6.860352E-05
 -0.017941	-6.695557E-05
 -0.022952	-6.539917E-05
 -0.027957	-6.396484E-05
 -0.032965	-6.262207E-05
 -0.037970	-6.134033E-05
 -0.042978	-6.015015E-05
 -0.047986	-5.902100E-05
 -0.052948	-5.795288E-05
 -0.057953	-5.691528E-05
 -0.062958	-5.596924E-05
 -0.067963	-5.505371E-05
 -0.072968	-5.419922E-05
 -0.077972	-5.337524E-05
 -0.082977	-5.258179E-05
 -0.087982	-5.184937E-05
 -0.092987	-5.114746E-05
 -0.097992	-5.044556E-05
 -0.102997	-4.976501E-05
 -0.108002	-4.915161E-05
 -0.113007	-4.854126E-05
 -0.118011	-4.797668E-05
 -0.123016	-4.743347E-05
 -0.128021	-4.689941E-05
 -0.133026	-4.639893E-05
 -0.138031	-4.591064E-05
 -0.143036	-4.544067E-05
 -0.148071	-4.497986E-05
 -0.153046	-4.454346E-05
 -0.158051	-4.413757E-05
 -0.163055	-4.372864E-05
 -0.168060	-4.334106E-05
 -0.173065	-4.296570E-05
 -0.178101	-4.260864E-05
 -0.183075	-4.224854E-05
 -0.188110	-4.191284E-05
 -0.193115	-4.158325E-05
 -0.198120	-4.126892E-05
 -0.203125	-4.097290E-05
 -0.208130	-4.068298E-05
 -0.213135	-4.040222E-05
 -0.218140	-4.012756E-05
 -0.223145	-3.986206E-05
 -0.228149	-3.959656E-05
 -0.233154	-3.936768E-05
 -0.238159	-3.914490E-05
 -0.243164	-3.890991E-05
 -0.248169	-3.869324E-05
 -0.253174	-3.849182E-05
 -0.258179	-3.829346E-05
 -0.263184	-3.811340E-05
 -0.268188	-3.792725E-05
 -0.273193	-3.775940E-05
 -0.278198	-3.760986E-05
 -0.283203	-3.745728E-05
 -0.288208	-3.733215E-05
 -0.293213	-3.719177E-05
 -0.297943	-3.708801E-05
 -0.293335	-2.341003E-05
 -0.288361	-2.241211E-05
 -0.283356	-2.200623E-05
 -0.278381	-2.167358E-05
 -0.273407	-2.138672E-05
 -0.268402	-2.111511E-05
 -0.263428	-2.087402E-05
 -0.258453	-2.064514E-05
 -0.253448	-2.042847E-05
 -0.248474	-2.022705E-05
 -0.243469	-2.003784E-05
 -0.238495	-1.985779E-05
 -0.233521	-1.967468E-05
 -0.228546	-1.950684E-05
 -0.223572	-1.934204E-05
 -0.218567	-1.917725E-05
 -0.213593	-1.902466E-05
 -0.208618	-1.888123E-05
 -0.203644	-1.875305E-05
 -0.198639	-1.860657E-05
 -0.193665	-1.847229E-05
 -0.188690	-1.833191E-05
 -0.183716	-1.821899E-05
 -0.178741	-1.808777E-05
 -0.173737	-1.797180E-05
 -0.168762	-1.784058E-05
 -0.163788	-1.772461E-05
 -0.158813	-1.761475E-05
 -0.153809	-1.751099E-05
 -0.148834	-1.741028E-05
 -0.143860	-1.729431E-05
 -0.138885	-1.718140E-05
 -0.133911	-1.708069E-05
 -0.128937	-1.698303E-05
 -0.123932	-1.688232E-05
 -0.118958	-1.678772E-05
 -0.113983	-1.669922E-05
 -0.109009	-1.659546E-05
 -0.104004	-1.650391E-05
 -0.099060	-1.641541E-05
 -0.094055	-1.630859E-05
 -0.089081	-1.621704E-05
 -0.084106	-1.612244E-05
 -0.079132	-1.602173E-05
 -0.074158	-1.593933E-05
 -0.069153	-1.583557E-05
 -0.064178	-1.572876E-05
 -0.059204	-1.562500E-05
 -0.054230	-1.551208E-05
 -0.049295	-1.540222E-05
 -0.044315	-1.528015E-05
 -0.039334	-1.515198E-05
 -0.034354	-1.500244E-05
 -0.029376	-1.484985E-05
 -0.024396	-1.467285E-05
 -0.019415	-1.448975E-05
 -0.014435	-1.427612E-05
 -0.009454	-1.405945E-05
 -0.004456	-1.378479E-05

 Potential	  Scan 5   
 0.000507	-1.351318E-05
 0.005493	-1.316833E-05
 0.010468	-1.282654E-05
 0.015448	-1.237793E-05
 0.020428	-1.187744E-05
 0.025409	-1.130066E-05
 0.030386	-1.066895E-05
 0.035367	-9.857178E-06
 0.040347	-8.963013E-06
 0.045328	-7.916260E-06
 0.050323	-6.707764E-06
 0.055298	-5.276489E-06
 0.060272	-3.662415E-06
 0.065247	-1.765747E-06
 0.070221	3.997803E-07
 0.075226	2.874451E-06
 0.080200	5.703735E-06
 0.085175	8.831787E-06
 0.090149	1.239624E-05
 0.095123	1.625977E-05
 0.100098	2.054749E-05
 0.105072	2.536621E-05
 0.110046	3.056641E-05
 0.115051	3.623352E-05
 0.119995	4.229736E-05
 0.125000	4.875183E-05
 0.129974	5.538940E-05
 0.134949	6.237793E-05
 0.139923	6.958008E-05
 0.144897	7.696533E-05
 0.149872	8.428955E-05
 0.154877	9.155273E-05
 0.159851	9.872437E-05
 0.164825	1.056824E-04
 0.169800	1.123352E-04
 0.174774	1.185608E-04
 0.179749	1.242676E-04
 0.184723	1.293640E-04
 0.189728	1.336975E-04
 0.194702	1.371765E-04
 0.199677	1.397095E-04
 0.204651	1.412659E-04
 0.209625	1.417542E-04
 0.214600	1.412354E-04
 0.219604	1.397400E-04
 0.224579	1.373291E-04
 0.229553	1.342163E-04
 0.234528	1.305237E-04
 0.239502	1.264343E-04
 0.244476	1.221619E-04
 0.249481	1.178284E-04
 0.254456	1.135254E-04
 0.259430	1.093750E-04
 0.264404	1.054077E-04
 0.269379	1.017151E-04
 0.274353	9.823608E-05
 0.279358	9.497070E-05
 0.284302	9.191895E-05
 0.289307	8.914185E-05
 0.294281	8.651733E-05
 0.299255	8.404541E-05
 0.304230	8.178711E-05
 0.309204	7.965088E-05
 0.314209	7.766724E-05
 0.319183	7.583618E-05
 0.324158	7.406616E-05
 0.329132	7.244873E-05
 0.334106	7.089233E-05
 0.339081	6.942749E-05
 0.344055	6.805420E-05
 0.349060	6.671143E-05
 0.354034	6.549072E-05
 0.359009	6.430054E-05
 0.363983	6.317139E-05
 0.368958	6.207275E-05
 0.373932	6.106567E-05
 0.378906	6.005859E-05
 0.383881	5.911255E-05
 0.388855	5.819702E-05
 0.393829	5.731201E-05
 0.398804	5.645752E-05
 0.403809	5.566406E-05
 0.408783	5.487061E-05
 0.413757	5.410767E-05
 0.418732	5.334473E-05
 0.423706	5.264282E-05
 0.428680	5.194092E-05
 0.433655	5.123901E-05
 0.438629	5.056763E-05
 0.443634	4.992676E-05
 0.448578	4.932251E-05
 0.453552	4.869995E-05
 0.458557	4.808960E-05
 0.463531	4.749146E-05
 0.468506	4.691772E-05
 0.473480	4.634705E-05
 0.478455	4.578857E-05
 0.483429	4.523926E-05
 0.488403	4.471130E-05
 0.493378	4.417725E-05
 0.498352	4.366150E-05
 0.499878	4.061279E-05
 0.494598	3.617249E-05
 0.489594	3.447571E-05
 0.484558	3.328857E-05
 0.479553	3.233032E-05
 0.474548	3.148804E-05
 0.469543	3.073730E-05
 0.464508	3.004761E-05
 0.459503	2.940369E-05
 0.454498	2.878723E-05
 0.449493	2.820740E-05
 0.444489	2.765198E-05
 0.439484	2.710876E-05
 0.434479	2.659607E-05
 0.429443	2.608032E-05
 0.424438	2.558289E-05
 0.419434	2.510376E-05
 0.414429	2.463684E-05
 0.409424	2.416382E-05
 0.404419	2.370300E-05
 0.399414	2.323914E-05
 0.394409	2.279663E-05
 0.389404	2.234802E-05
 0.384369	2.189941E-05
 0.379364	2.145996E-05
 0.374359	2.101746E-05
 0.369354	2.057800E-05
 0.364349	2.014160E-05
 0.359344	1.969910E-05
 0.354340	1.926270E-05
 0.349335	1.881714E-05
 0.344330	1.837158E-05
 0.339325	1.791687E-05
 0.334320	1.744690E-05
 0.329285	1.697998E-05
 0.324310	1.649780E-05
 0.319275	1.599426E-05
 0.314270	1.547546E-05
 0.309265	1.493530E-05
 0.304260	1.436157E-05
 0.299255	1.376953E-05
 0.294250	1.312256E-05
 0.289246	1.243896E-05
 0.284241	1.168823E-05
 0.279236	1.087341E-05
 0.274200	9.991455E-06
 0.269196	9.014893E-06
 0.264221	7.904053E-06
 0.259186	6.704712E-06
 0.254211	5.337524E-06
 0.249176	3.808289E-06
 0.244171	2.088013E-06
 0.239166	1.473999E-07
 0.234161	-2.041016E-06
 0.229156	-4.504089E-06
 0.224152	-7.250977E-06
 0.219147	-1.031494E-05
 0.214142	-1.372986E-05
 0.209137	-1.754150E-05
 0.204132	-2.171936E-05
 0.199127	-2.638245E-05
 0.194122	-3.121948E-05
 0.189117	-3.655396E-05
 0.184082	-4.231873E-05
 0.179077	-4.828491E-05
 0.174072	-5.462646E-05
 0.169067	-6.121826E-05
 0.164063	-6.799316E-05
 0.159058	-7.489014E-05
 0.154053	-8.184814E-05
 0.149048	-8.877563E-05
 0.144043	-9.558105E-05
 0.139038	-1.021729E-04
 0.134033	-1.084290E-04
 0.129028	-1.142883E-04
 0.124023	-1.195984E-04
 0.118988	-1.242371E-04
 0.114014	-1.280823E-04
 0.108978	-1.310730E-04
 0.103973	-1.331177E-04
 0.098969	-1.340637E-04
 0.093964	-1.339722E-04
 0.088959	-1.328125E-04
 0.083954	-1.306763E-04
 0.078949	-1.277161E-04
 0.073944	-1.241455E-04
 0.068939	-1.200867E-04
 0.063904	-1.157837E-04
 0.058899	-1.113892E-04
 0.053894	-1.070557E-04
 0.048883	-1.028442E-04
 0.043878	-9.881592E-05
 0.038867	-9.503174E-05
 0.033862	-9.149170E-05
 0.028851	-8.822632E-05
 0.023840	-8.517456E-05
 0.018832	-8.236694E-05
 0.013824	-7.974243E-05
 0.008820	-7.733154E-05
 0.003812	-7.516479E-05
 -0.001196	-7.302856E-05
 -0.006201	-7.110596E-05
 -0.011209	-6.927490E-05
 -0.016217	-6.759644E-05
 -0.021225	-6.600952E-05
 -0.026233	-6.451416E-05
 -0.031241	-6.314087E-05
 -0.036249	-6.182861E-05
 -0.041251	-6.060791E-05
 -0.046259	-5.944824E-05
 -0.051208	-5.834961E-05
 -0.056213	-5.731201E-05
 -0.061218	-5.633545E-05
 -0.066254	-5.541992E-05
 -0.071228	-5.453491E-05
 -0.076263	-5.368042E-05
 -0.081268	-5.288696E-05
 -0.086243	-5.212402E-05
 -0.091278	-5.142212E-05
 -0.096252	-5.072021E-05
 -0.101288	-5.004883E-05
 -0.106293	-4.939270E-05
 -0.111267	-4.878540E-05
 -0.116272	-4.821472E-05
 -0.121277	-4.764404E-05
 -0.126312	-4.712219E-05
 -0.131317	-4.659729E-05
 -0.136322	-4.610596E-05
 -0.141296	-4.561768E-05
 -0.146332	-4.516907E-05
 -0.151306	-4.472961E-05
 -0.156311	-4.430237E-05
 -0.161316	-4.389038E-05
 -0.166321	-4.350281E-05
 -0.171326	-4.312134E-05
 -0.176361	-4.274902E-05
 -0.181335	-4.239502E-05
 -0.186340	-4.205627E-05
 -0.191376	-4.172363E-05
 -0.196350	-4.140320E-05
 -0.201385	-4.109802E-05
 -0.206390	-4.078674E-05
 -0.211395	-4.051514E-05
 -0.216400	-4.025269E-05
 -0.221405	-3.999023E-05
 -0.226410	-3.972168E-05
 -0.231415	-3.946838E-05
 -0.236389	-3.924255E-05
 -0.241425	-3.900452E-05
 -0.246399	-3.879089E-05
 -0.251404	-3.858337E-05
 -0.256439	-3.838196E-05
 -0.261414	-3.818359E-05
 -0.266418	-3.800354E-05
 -0.271454	-3.783264E-05
 -0.276428	-3.767395E-05
 -0.281433	-3.753357E-05
 -0.286469	-3.738708E-05
 -0.291443	-3.724365E-05
 -0.296448	-3.712158E-05
 -0.295563	-2.592468E-05
 -0.290558	-2.265930E-05
 -0.285583	-2.217407E-05
 -0.280609	-2.182312E-05
 -0.275604	-2.150574E-05
 -0.270630	-2.124634E-05
 -0.265656	-2.098389E-05
 -0.260681	-2.074890E-05
 -0.255676	-2.053528E-05
 -0.250702	-2.032471E-05
 -0.245728	-2.011719E-05
 -0.240753	-1.992493E-05
 -0.235748	-1.976929E-05
 -0.230774	-1.958313E-05
 -0.225800	-1.941528E-05
 -0.220825	-1.925964E-05
 -0.215851	-1.910400E-05
 -0.210846	-1.895447E-05
 -0.205872	-1.880798E-05
 -0.200897	-1.867676E-05
 -0.195923	-1.854553E-05
 -0.190918	-1.840210E-05
 -0.185944	-1.828918E-05
 -0.180969	-1.815491E-05
 -0.175995	-1.803589E-05
 -0.170990	-1.791992E-05
 -0.166016	-1.779480E-05
 -0.161041	-1.767578E-05
 -0.156067	-1.756287E-05
 -0.151062	-1.745911E-05
 -0.146088	-1.735535E-05
 -0.141113	-1.723633E-05
 -0.136139	-1.714172E-05
 -0.131165	-1.703796E-05
 -0.126160	-1.694641E-05
 -0.121185	-1.684570E-05
 -0.116211	-1.675110E-05
 -0.111237	-1.665649E-05
 -0.106262	-1.655273E-05
 -0.101288	-1.647034E-05
 -0.096283	-1.637268E-05
 -0.091309	-1.626587E-05
 -0.086334	-1.617432E-05
 -0.081360	-1.607971E-05
 -0.076385	-1.599121E-05
 -0.071381	-1.588440E-05
 -0.066406	-1.578674E-05
 -0.061432	-1.568298E-05
 -0.056427	-1.558228E-05
 -0.051483	-1.546631E-05
 -0.046545	-1.533203E-05
 -0.041562	-1.521301E-05
 -0.036581	-1.508179E-05
 -0.031601	-1.492920E-05
 -0.026620	-1.477051E-05
 -0.021640	-1.458130E-05
 -0.016656	-1.438599E-05
 -0.011676	-1.416016E-05
 -0.006696	-1.391907E-05
 -0.001715	-1.368103E-05
