Date: 15-08-25
Time: 14:35:13 PM

Exp. Conditions:
Cyclic voltammetry
Start potential (V) = .0000
First vertex potential (V) = .5000
Second vertex potential (V) = -.3000
Step potential (V) = .00500
Scan rate (V/s) = .50000
Equilibration time (s) = 
Number of Data Points =  320 

 Potential	  Scan 1   
 0.002148	-6.152344E-06
 0.009720	1.019287E-05
 0.014716	1.183777E-05
 0.019714	1.309509E-05
 0.024707	1.434021E-05
 0.029700	1.580200E-05
 0.034695	1.734924E-05
 0.039688	1.923828E-05
 0.044684	2.139587E-05
 0.049683	2.388306E-05
 0.054718	2.672119E-05
 0.059692	3.010254E-05
 0.064697	3.397217E-05
 0.069672	3.843994E-05
 0.074677	4.357910E-05
 0.079651	4.940796E-05
 0.084656	5.603027E-05
 0.089661	6.347656E-05
 0.094635	7.183838E-05
 0.099640	8.102417E-05
 0.104645	9.115601E-05
 0.109619	1.022339E-04
 0.114624	1.140747E-04
 0.119598	1.267395E-04
 0.124603	1.402588E-04
 0.129578	1.545105E-04
 0.134583	1.694336E-04
 0.139587	1.848755E-04
 0.144562	2.008057E-04
 0.149536	2.171021E-04
 0.154541	2.335815E-04
 0.159546	2.502136E-04
 0.164520	2.667236E-04
 0.169525	2.832031E-04
 0.174500	2.992859E-04
 0.179504	3.148499E-04
 0.184509	3.296204E-04
 0.189484	3.439636E-04
 0.194489	3.569641E-04
 0.199463	3.686523E-04
 0.204468	3.789063E-04
 0.209442	3.875122E-04
 0.214447	3.941956E-04
 0.219421	3.988953E-04
 0.224426	4.013977E-04
 0.229401	4.016113E-04
 0.234406	3.995972E-04
 0.239380	3.953857E-04
 0.244385	3.891907E-04
 0.249390	3.812256E-04
 0.254364	3.720398E-04
 0.259369	3.617859E-04
 0.264343	3.510742E-04
 0.269348	3.402405E-04
 0.274323	3.294678E-04
 0.279327	3.190918E-04
 0.284302	3.092346E-04
 0.289307	2.998962E-04
 0.294312	2.911682E-04
 0.299286	2.830200E-04
 0.304291	2.754517E-04
 0.309265	2.684021E-04
 0.314270	2.618713E-04
 0.319275	2.557678E-04
 0.324249	2.500305E-04
 0.329224	2.447205E-04
 0.334229	2.397461E-04
 0.339203	2.350464E-04
 0.344208	2.306519E-04
 0.349213	2.264404E-04
 0.354187	2.225037E-04
 0.359192	2.187805E-04
 0.364197	2.152405E-04
 0.369171	2.118530E-04
 0.374146	2.086182E-04
 0.379150	2.055664E-04
 0.384125	2.026062E-04
 0.389130	1.997681E-04
 0.394135	1.970520E-04
 0.399109	1.944275E-04
 0.404114	1.919250E-04
 0.409088	1.894226E-04
 0.414093	1.870728E-04
 0.419067	1.846924E-04
 0.424072	1.824646E-04
 0.429047	1.802368E-04
 0.434052	1.781006E-04
 0.439026	1.759338E-04
 0.444031	1.738281E-04
 0.449036	1.717529E-04
 0.454010	1.697083E-04
 0.459015	1.676941E-04
 0.463989	1.656799E-04
 0.468994	1.636963E-04
 0.473969	1.617432E-04
 0.478973	1.597900E-04
 0.483948	1.578369E-04
 0.488953	1.559448E-04
 0.493927	1.540527E-04
 0.498932	1.521912E-04
 0.500488	1.432800E-04
 0.495148	1.278992E-04
 0.490143	1.213684E-04
 0.485138	1.166687E-04
 0.480133	1.128540E-04
 0.475128	1.095581E-04
 0.470123	1.066284E-04
 0.465149	1.039124E-04
 0.460144	1.014404E-04
 0.455139	9.906006E-05
 0.450134	9.683228E-05
 0.445129	9.469604E-05
 0.440125	9.262085E-05
 0.435120	9.063721E-05
 0.430115	8.868408E-05
 0.425110	8.676147E-05
 0.420105	8.489990E-05
 0.415100	8.303833E-05
 0.410095	8.120728E-05
 0.405090	7.937622E-05
 0.400085	7.760620E-05
 0.395081	7.580566E-05
 0.390106	7.403564E-05
 0.385101	7.220459E-05
 0.380096	7.040405E-05
 0.375092	6.860352E-05
 0.370087	6.680298E-05
 0.365082	6.500244E-05
 0.360077	6.317139E-05
 0.355072	6.130981E-05
 0.350098	5.944824E-05
 0.345093	5.752563E-05
 0.340088	5.560303E-05
 0.335083	5.364990E-05
 0.330078	5.166626E-05
 0.325073	4.965210E-05
 0.320068	4.762573E-05
 0.315063	4.547424E-05
 0.310059	4.329224E-05
 0.305054	4.098511E-05
 0.300079	3.862610E-05
 0.295074	3.421326E-05
 0.290070	3.328857E-05
 0.285065	3.061829E-05
 0.280060	2.771301E-05
 0.275055	2.465820E-05
 0.270050	2.135620E-05
 0.265076	1.779785E-05
 0.260071	1.397400E-05
 0.255066	9.841919E-06
 0.250061	5.337524E-06
 0.245056	4.403687E-07
 0.240051	-4.901123E-06
 0.235046	-1.072083E-05
 0.230042	-1.711426E-05
 0.225067	-2.408142E-05
 0.220062	-3.165283E-05
 0.215057	-3.988342E-05
 0.210052	-4.882813E-05
 0.205048	-5.850220E-05
 0.200043	-6.887817E-05
 0.195068	-7.992554E-05
 0.190063	-9.167480E-05
 0.185059	-1.041565E-04
 0.180054	-1.172180E-04
 0.175049	-1.307983E-04
 0.170044	-1.449280E-04
 0.165039	-1.594238E-04
 0.160065	-1.742859E-04
 0.155060	-1.892700E-04
 0.150055	-2.043762E-04
 0.145050	-2.194214E-04
 0.140045	-2.341919E-04
 0.135040	-2.485352E-04
 0.130066	-2.622986E-04
 0.125061	-2.754211E-04
 0.120056	-2.874756E-04
 0.115051	-2.984009E-04
 0.110046	-3.080444E-04
 0.105042	-3.157043E-04
 0.100067	-3.222351E-04
 0.095062	-3.264465E-04
 0.090057	-3.284607E-04
 0.085052	-3.282166E-04
 0.080048	-3.255310E-04
 0.075073	-3.204346E-04
 0.070068	-3.131104E-04
 0.065063	-3.039246E-04
 0.060059	-2.935181E-04
 0.055054	-2.824097E-04
 0.050049	-2.710266E-04
 0.045038	-2.597961E-04
 0.040039	-2.490234E-04
 0.035034	-2.388000E-04
 0.030032	-2.292175E-04
 0.025031	-2.203674E-04
 0.020029	-2.121887E-04
 0.015027	-2.046509E-04
 0.010022	-1.976929E-04
 0.005023	-1.911926E-04
 0.000024	-1.853943E-04
 -0.004971	-1.797485E-04
 -0.009979	-1.748352E-04
 -0.014981	-1.701050E-04
 -0.019983	-1.657410E-04
 -0.024985	-1.617126E-04
 -0.029984	-1.578979E-04
 -0.034985	-1.543579E-04
 -0.039987	-1.510315E-04
 -0.044989	-1.479187E-04
 -0.049957	-1.450195E-04
 -0.054932	-1.423340E-04
 -0.059937	-1.397705E-04
 -0.064941	-1.373596E-04
 -0.069946	-1.351013E-04
 -0.074951	-1.329956E-04
 -0.079926	-1.309204E-04
 -0.084930	-1.290588E-04
 -0.089935	-1.272278E-04
 -0.094940	-1.255493E-04
 -0.099945	-1.239319E-04
 -0.104950	-1.224365E-04
 -0.109924	-1.209412E-04
 -0.114929	-1.195374E-04
 -0.119934	-1.182556E-04
 -0.124939	-1.169434E-04
 -0.129944	-1.157532E-04
 -0.134949	-1.146240E-04
 -0.139923	-1.134949E-04
 -0.144928	-1.124878E-04
 -0.149933	-1.114502E-04
 -0.154938	-1.105042E-04
 -0.159943	-1.095886E-04
 -0.164917	-1.087341E-04
 -0.169922	-1.078796E-04
 -0.174927	-1.070251E-04
 -0.179932	-1.062927E-04
 -0.184937	-1.055298E-04
 -0.189941	-1.048279E-04
 -0.194946	-1.041260E-04
 -0.199951	-1.034851E-04
 -0.204926	-1.028137E-04
 -0.209930	-1.022034E-04
 -0.214935	-1.016541E-04
 -0.219940	-1.010742E-04
 -0.224945	-1.005554E-04
 -0.229919	-1.000366E-04
 -0.234924	-9.954834E-05
 -0.239929	-9.909058E-05
 -0.244934	-9.863281E-05
 -0.249939	-9.823608E-05
 -0.254944	-9.790039E-05
 -0.259949	-9.744263E-05
 -0.264954	-9.710693E-05
 -0.269928	-9.677124E-05
 -0.274933	-9.643555E-05
 -0.279938	-9.616089E-05
 -0.284912	-9.582520E-05
 -0.289917	-9.558105E-05
 -0.294922	-9.530640E-05
 -0.296783	-8.740234E-05
 -0.291779	-3.811035E-05
 -0.286804	-2.926025E-05
 -0.281799	-2.685547E-05
 -0.276794	-2.569275E-05
 -0.271820	-2.492676E-05
 -0.266815	-2.428894E-05
 -0.261810	-2.206421E-05
 -0.256836	-2.316589E-05
 -0.251831	-2.287903E-05
 -0.246826	-2.246399E-05
 -0.241821	-2.209473E-05
 -0.236847	-2.177429E-05
 -0.231842	-2.143860E-05
 -0.226837	-2.113342E-05
 -0.221863	-2.085571E-05
 -0.216858	-2.055359E-05
 -0.211884	-2.031250E-05
 -0.206879	-2.006836E-05
 -0.201904	-1.986084E-05
 -0.196899	-1.966858E-05
 -0.191895	-1.940613E-05
 -0.186920	-1.920776E-05
 -0.181915	-1.900024E-05
 -0.176910	-1.881104E-05
 -0.171906	-1.864624E-05
 -0.166931	-1.851501E-05
 -0.161957	-1.832275E-05
 -0.156952	-1.818848E-05
 -0.151947	-1.800842E-05
 -0.146973	-1.787109E-05
 -0.141968	-1.769714E-05
 -0.136963	-1.759033E-05
 -0.131989	-1.749268E-05
 -0.126984	-1.734314E-05
 -0.122009	-1.721191E-05
 -0.117004	-1.709595E-05
 -0.112000	-1.694641E-05
 -0.107025	-1.684570E-05
 -0.102020	-1.670837E-05
 -0.097046	-1.658936E-05
 -0.092041	-1.646118E-05
 -0.087067	-1.631165E-05
 -0.082062	-1.617737E-05
 -0.077087	-1.606445E-05
 -0.072083	-1.590271E-05
 -0.067078	-1.576233E-05
 -0.062103	-1.561584E-05
 -0.057098	-1.540222E-05
 -0.052124	-1.523132E-05
 -0.047195	-1.503296E-05
 -0.042203	-1.475220E-05
 -0.037207	-1.447754E-05
 -0.032217	-1.417847E-05
 -0.027225	-1.384888E-05
 -0.022232	-1.345215E-05
 -0.017236	-1.299744E-05
 -0.012241	-1.252441E-05
 -0.007248	-1.204224E-05
 -0.002249	-1.133118E-05

 Potential	  Scan 2   
 0.002734	-1.068420E-05
 0.007745	-9.725952E-06
 0.012723	-8.984375E-06
 0.017715	-7.867432E-06
 0.022708	-6.607056E-06
 0.027701	-5.187988E-06
 0.032693	-3.589478E-06
 0.037686	-1.702881E-06
 0.042679	4.519653E-07
 0.047672	3.029785E-06
 0.052704	6.002808E-06
 0.057678	9.402466E-06
 0.062683	1.333008E-05
 0.067688	1.788940E-05
 0.072662	2.306519E-05
 0.077667	2.892151E-05
 0.082642	3.556519E-05
 0.087646	4.306030E-05
 0.092651	5.133057E-05
 0.097626	6.054688E-05
 0.102631	7.064819E-05
 0.107635	8.163452E-05
 0.112610	9.341431E-05
 0.117584	1.061401E-04
 0.122589	1.196594E-04
 0.127594	1.338501E-04
 0.132568	1.487732E-04
 0.137573	1.641846E-04
 0.142548	1.801453E-04
 0.147552	1.964417E-04
 0.152527	2.129822E-04
 0.157532	2.296753E-04
 0.162506	2.462769E-04
 0.167511	2.626953E-04
 0.172485	2.788696E-04
 0.177490	2.945862E-04
 0.182465	3.096008E-04
 0.187469	3.237000E-04
 0.192474	3.371582E-04
 0.197449	3.490601E-04
 0.202454	3.595886E-04
 0.207428	3.684082E-04
 0.212433	3.754272E-04
 0.217407	3.804626E-04
 0.222412	3.833618E-04
 0.227386	3.839417E-04
 0.232391	3.823547E-04
 0.237396	3.784790E-04
 0.242371	3.726501E-04
 0.247375	3.650208E-04
 0.252350	3.559875E-04
 0.257355	3.459473E-04
 0.262360	3.354187E-04
 0.267334	3.245850E-04
 0.272308	3.138428E-04
 0.277313	3.034363E-04
 0.282288	2.935181E-04
 0.287292	2.840881E-04
 0.292267	2.752991E-04
 0.297272	2.670288E-04
 0.302277	2.593994E-04
 0.307251	2.522583E-04
 0.312256	2.456360E-04
 0.317261	2.394409E-04
 0.322235	2.337036E-04
 0.327209	2.282715E-04
 0.332214	2.232361E-04
 0.337219	2.184753E-04
 0.342194	2.140503E-04
 0.347198	2.098389E-04
 0.352173	2.058411E-04
 0.357178	2.020569E-04
 0.362152	1.984863E-04
 0.367157	1.950989E-04
 0.372162	1.918335E-04
 0.377136	1.887207E-04
 0.382141	1.857605E-04
 0.387115	1.829224E-04
 0.392090	1.802063E-04
 0.397095	1.775818E-04
 0.402100	1.750488E-04
 0.407074	1.726379E-04
 0.412079	1.702881E-04
 0.417053	1.679688E-04
 0.422058	1.657715E-04
 0.427032	1.636047E-04
 0.432007	1.614990E-04
 0.437012	1.594543E-04
 0.442017	1.574402E-04
 0.446991	1.554871E-04
 0.451996	1.535339E-04
 0.457001	1.516418E-04
 0.461975	1.497803E-04
 0.466980	1.479187E-04
 0.471954	1.461182E-04
 0.476929	1.442871E-04
 0.481934	1.425781E-04
 0.486908	1.408081E-04
 0.491913	1.391296E-04
 0.496918	1.374207E-04
 0.498138	1.287537E-04
 0.493134	1.137085E-04
 0.488129	1.074524E-04
 0.483124	1.029358E-04
 0.478119	9.930420E-05
 0.473114	9.613037E-05
 0.468109	9.332275E-05
 0.463104	9.075928E-05
 0.458099	8.840942E-05
 0.453094	8.615112E-05
 0.448090	8.404541E-05
 0.443115	8.200073E-05
 0.438080	8.001709E-05
 0.433075	7.812500E-05
 0.428101	7.626343E-05
 0.423096	7.440186E-05
 0.418091	7.263184E-05
 0.413086	7.086182E-05
 0.408081	6.912231E-05
 0.403076	6.741333E-05
 0.398071	6.567383E-05
 0.393066	6.393433E-05
 0.388062	6.225586E-05
 0.383087	6.048584E-05
 0.378082	5.880737E-05
 0.373077	5.706787E-05
 0.368042	5.532837E-05
 0.363068	5.355835E-05
 0.358063	5.178833E-05
 0.353058	5.001831E-05
 0.348053	4.829712E-05
 0.343048	4.643555E-05
 0.338043	4.456177E-05
 0.333069	4.264526E-05
 0.328064	4.069824E-05
 0.323059	3.873291E-05
 0.318054	3.465576E-05
 0.313049	3.435364E-05
 0.308044	3.222046E-05
 0.303040	3.001099E-05
 0.298035	2.765808E-05
 0.293060	2.523193E-05
 0.288055	2.261963E-05
 0.283051	1.990662E-05
 0.278046	1.702881E-05
 0.273041	1.393127E-05
 0.268036	1.065063E-05
 0.263031	7.104492E-06
 0.258057	3.246155E-06
 0.253052	-9.005737E-07
 0.248047	-5.438232E-06
 0.243042	-1.035767E-05
 0.238037	-1.577454E-05
 0.233032	-2.167664E-05
 0.228027	-2.813110E-05
 0.223022	-3.514404E-05
 0.218048	-4.286194E-05
 0.213043	-5.120850E-05
 0.208038	-6.024170E-05
 0.203033	-6.997681E-05
 0.198029	-8.047485E-05
 0.193024	-9.164429E-05
 0.188019	-1.035461E-04
 0.183014	-1.160278E-04
 0.178040	-1.291809E-04
 0.173035	-1.428833E-04
 0.168030	-1.570435E-04
 0.163025	-1.715698E-04
 0.158020	-1.864014E-04
 0.153046	-2.013550E-04
 0.148041	-2.164001E-04
 0.143036	-2.312622E-04
 0.138031	-2.458496E-04
 0.133026	-2.600098E-04
 0.128021	-2.735291E-04
 0.123016	-2.862854E-04
 0.118011	-2.980957E-04
 0.113037	-3.086243E-04
 0.108032	-3.173523E-04
 0.103027	-3.251648E-04
 0.098053	-3.308105E-04
 0.093048	-3.344421E-04
 0.088043	-3.357849E-04
 0.083038	-3.348999E-04
 0.078033	-3.315430E-04
 0.073029	-3.258057E-04
 0.068024	-3.179321E-04
 0.063049	-3.084412E-04
 0.058014	-2.977905E-04
 0.053040	-2.865906E-04
 0.048019	-2.752686E-04
 0.043018	-2.641296E-04
 0.038013	-2.535095E-04
 0.033014	-2.435303E-04
 0.028009	-2.341919E-04
 0.023010	-2.255554E-04
 0.018008	-2.175598E-04
 0.013004	-2.101440E-04
 0.008023	-2.033691E-04
 0.003006	-1.971741E-04
 -0.001999	-1.913147E-04
 -0.007001	-1.860657E-04
 -0.012003	-1.809692E-04
 -0.017004	-1.763611E-04
 -0.022003	-1.720276E-04
 -0.027008	-1.680298E-04
 -0.032007	-1.642761E-04
 -0.037006	-1.607971E-04
 -0.042007	-1.575317E-04
 -0.047006	-1.544495E-04
 -0.051971	-1.515503E-04
 -0.056946	-1.488953E-04
 -0.061951	-1.463013E-04
 -0.066956	-1.439514E-04
 -0.071960	-1.416626E-04
 -0.076965	-1.395569E-04
 -0.081970	-1.375427E-04
 -0.086945	-1.356506E-04
 -0.091949	-1.338196E-04
 -0.096954	-1.321106E-04
 -0.101959	-1.304626E-04
 -0.106964	-1.289368E-04
 -0.111938	-1.274414E-04
 -0.116943	-1.260681E-04
 -0.121948	-1.247253E-04
 -0.126953	-1.234436E-04
 -0.131958	-1.222229E-04
 -0.136963	-1.210327E-04
 -0.141968	-1.199341E-04
 -0.146973	-1.188660E-04
 -0.151947	-1.178284E-04
 -0.156952	-1.168518E-04
 -0.161957	-1.159363E-04
 -0.166962	-1.149902E-04
 -0.171936	-1.141357E-04
 -0.176941	-1.133423E-04
 -0.181946	-1.125488E-04
 -0.186951	-1.117859E-04
 -0.191956	-1.110229E-04
 -0.196960	-1.103516E-04
 -0.201965	-1.096497E-04
 -0.206940	-1.091003E-04
 -0.211945	-1.084290E-04
 -0.216949	-1.078186E-04
 -0.221954	-1.072388E-04
 -0.226929	-1.067200E-04
 -0.231964	-1.062317E-04
 -0.236938	-1.057129E-04
 -0.241943	-1.052246E-04
 -0.246948	-1.047668E-04
 -0.251953	-1.043396E-04
 -0.256958	-1.039734E-04
 -0.261963	-1.035461E-04
 -0.266968	-1.031799E-04
 -0.271973	-1.027832E-04
 -0.276947	-1.024780E-04
 -0.281952	-1.021423E-04
 -0.286957	-1.018677E-04
 -0.291962	-1.015625E-04
 -0.296936	-1.013184E-04
 -0.296021	-7.019043E-05
 -0.291016	-4.021912E-05
 -0.286041	-3.433533E-05
 -0.281036	-3.248596E-05
 -0.276031	-3.146973E-05
 -0.271057	-3.068542E-05
 -0.266052	-3.007507E-05
 -0.261047	-2.771606E-05
 -0.256073	-2.892456E-05
 -0.251068	-2.863464E-05
 -0.246063	-2.821045E-05
 -0.241089	-2.786560E-05
 -0.236084	-2.752991E-05
 -0.231110	-2.716675E-05
 -0.226105	-2.686157E-05
 -0.221100	-2.651367E-05
 -0.216125	-2.625427E-05
 -0.211121	-2.598267E-05
 -0.206116	-2.574463E-05
 -0.201141	-2.545776E-05
 -0.196136	-2.522583E-05
 -0.191162	-2.503662E-05
 -0.186157	-2.482605E-05
 -0.181152	-2.463989E-05
 -0.176178	-2.441711E-05
 -0.171173	-2.421570E-05
 -0.166168	-2.402649E-05
 -0.161194	-2.385559E-05
 -0.156189	-2.368164E-05
 -0.151184	-2.352295E-05
 -0.146210	-2.337646E-05
 -0.141205	-2.322388E-05
 -0.136230	-2.303772E-05
 -0.131226	-2.287598E-05
 -0.126251	-2.273560E-05
 -0.121246	-2.258301E-05
 -0.116241	-2.244263E-05
 -0.111267	-2.228394E-05
 -0.106262	-2.217407E-05
 -0.101288	-2.199402E-05
 -0.096283	-2.187805E-05
 -0.091309	-2.173157E-05
 -0.086304	-2.158508E-05
 -0.081329	-2.142334E-05
 -0.076324	-2.126770E-05
 -0.071320	-2.108765E-05
 -0.066345	-2.093201E-05
 -0.061340	-2.077942E-05
 -0.056335	-2.053223E-05
 -0.051361	-2.032471E-05
 -0.046448	-2.009583E-05
 -0.041455	-1.982422E-05
 -0.036465	-1.952820E-05
 -0.031470	-1.918030E-05
 -0.026477	-1.882935E-05
 -0.021487	-1.842346E-05
 -0.016492	-1.798706E-05
 -0.011499	-1.743774E-05
 -0.006503	-1.687012E-05
 -0.001508	-1.621094E-05

 Potential	  Scan 3   
 0.003482	-1.545715E-05
 0.008481	-1.447449E-05
 0.013470	-1.360779E-05
 0.018457	-1.249084E-05
 0.023456	-1.122742E-05
 0.028448	-9.689331E-06
 0.033444	-8.029175E-06
 0.038434	-6.048584E-06
 0.043423	-3.779907E-06
 0.048416	-1.110229E-06
 0.053436	1.953125E-06
 0.058441	5.496216E-06
 0.063446	9.567261E-06
 0.068420	1.425171E-05
 0.073425	1.961060E-05
 0.078400	2.565613E-05
 0.083405	3.252258E-05
 0.088379	4.017944E-05
 0.093384	4.873047E-05
 0.098389	5.813599E-05
 0.103363	6.838989E-05
 0.108368	7.962036E-05
 0.113342	9.167480E-05
 0.118347	1.045837E-04
 0.123322	1.182556E-04
 0.128326	1.325989E-04
 0.133331	1.476440E-04
 0.138306	1.632080E-04
 0.143311	1.792603E-04
 0.148285	1.955872E-04
 0.153290	2.121582E-04
 0.158264	2.288208E-04
 0.163269	2.454529E-04
 0.168243	2.618408E-04
 0.173248	2.779236E-04
 0.178223	2.934570E-04
 0.183228	3.083496E-04
 0.188232	3.222046E-04
 0.193207	3.353577E-04
 0.198181	3.469849E-04
 0.203186	3.571472E-04
 0.208191	3.656006E-04
 0.213165	3.721924E-04
 0.218170	3.767090E-04
 0.223145	3.790894E-04
 0.228149	3.791809E-04
 0.233154	3.770142E-04
 0.238129	3.727417E-04
 0.243103	3.664246E-04
 0.248108	3.585205E-04
 0.253113	3.492432E-04
 0.258087	3.390503E-04
 0.263092	3.283997E-04
 0.268066	3.175964E-04
 0.273071	3.069153E-04
 0.278076	2.966309E-04
 0.283051	2.867737E-04
 0.288055	2.775269E-04
 0.293030	2.688599E-04
 0.298004	2.607422E-04
 0.303009	2.532349E-04
 0.308014	2.462158E-04
 0.312988	2.396545E-04
 0.317993	2.335510E-04
 0.322968	2.279053E-04
 0.327972	2.225647E-04
 0.332977	2.175903E-04
 0.337952	2.129211E-04
 0.342957	2.084961E-04
 0.347931	2.043152E-04
 0.352905	2.004089E-04
 0.357910	1.966553E-04
 0.362885	1.931458E-04
 0.367889	1.897278E-04
 0.372894	1.865234E-04
 0.377869	1.834412E-04
 0.382874	1.805115E-04
 0.387848	1.776733E-04
 0.392853	1.749878E-04
 0.397827	1.724243E-04
 0.402832	1.698914E-04
 0.407806	1.674500E-04
 0.412811	1.651306E-04
 0.417786	1.628723E-04
 0.422791	1.606750E-04
 0.427765	1.585083E-04
 0.432770	1.564331E-04
 0.437775	1.544189E-04
 0.442749	1.524048E-04
 0.447754	1.504517E-04
 0.452728	1.485291E-04
 0.457733	1.466675E-04
 0.462708	1.448059E-04
 0.467712	1.429749E-04
 0.472687	1.411743E-04
 0.477692	1.394043E-04
 0.482697	1.376953E-04
 0.487671	1.359558E-04
 0.492645	1.342773E-04
 0.497650	1.326294E-04
 0.498871	1.240540E-04
 0.493866	1.092224E-04
 0.488861	1.030579E-04
 0.483856	9.863281E-05
 0.478851	9.503174E-05
 0.473877	9.191895E-05
 0.468842	8.917236E-05
 0.463837	8.663940E-05
 0.458862	8.432007E-05
 0.453857	8.212280E-05
 0.448853	8.001709E-05
 0.443848	7.800293E-05
 0.438843	7.608032E-05
 0.433838	7.418823E-05
 0.428833	7.238770E-05
 0.423828	7.058716E-05
 0.418823	6.884766E-05
 0.413818	6.707764E-05
 0.408813	6.536865E-05
 0.403809	6.362915E-05
 0.398804	6.198120E-05
 0.393799	6.027222E-05
 0.388824	5.859375E-05
 0.383820	5.688477E-05
 0.378815	5.520630E-05
 0.373810	5.349731E-05
 0.368805	5.178833E-05
 0.363800	5.004883E-05
 0.358795	4.839478E-05
 0.353790	4.661560E-05
 0.348785	4.482422E-05
 0.343811	4.298096E-05
 0.338806	4.117432E-05
 0.333801	3.926086E-05
 0.328796	3.531799E-05
 0.323792	3.515625E-05
 0.318787	3.321838E-05
 0.313782	3.107910E-05
 0.308777	2.902222E-05
 0.303772	2.680359E-05
 0.298767	2.453003E-05
 0.293762	2.207031E-05
 0.288788	1.957703E-05
 0.283783	1.685791E-05
 0.278778	1.400146E-05
 0.273773	1.097107E-05
 0.268768	7.754517E-06
 0.263763	4.296570E-06
 0.258759	5.432129E-07
 0.253754	-3.509216E-06
 0.248779	-7.946777E-06
 0.243744	-1.276245E-05
 0.238770	-1.806335E-05
 0.233765	-2.386780E-05
 0.228760	-3.016052E-05
 0.223755	-3.708191E-05
 0.218750	-4.470215E-05
 0.213776	-5.279541E-05
 0.208771	-6.170654E-05
 0.203766	-7.135010E-05
 0.198761	-8.160400E-05
 0.193756	-9.255981E-05
 0.188751	-1.043091E-04
 0.183746	-1.166992E-04
 0.178741	-1.296082E-04
 0.173767	-1.431274E-04
 0.168762	-1.571960E-04
 0.163757	-1.716614E-04
 0.158752	-1.864624E-04
 0.153748	-2.012939E-04
 0.148743	-2.163391E-04
 0.143768	-2.312012E-04
 0.138763	-2.458496E-04
 0.133759	-2.601013E-04
 0.128754	-2.737732E-04
 0.123749	-2.866211E-04
 0.118744	-2.985840E-04
 0.113739	-3.093567E-04
 0.108765	-3.183594E-04
 0.103760	-3.265076E-04
 0.098755	-3.325195E-04
 0.093750	-3.365479E-04
 0.088745	-3.384094E-04
 0.083771	-3.379822E-04
 0.078766	-3.351135E-04
 0.073761	-3.298340E-04
 0.068756	-3.223877E-04
 0.063751	-3.131714E-04
 0.058746	-3.027344E-04
 0.053741	-2.916260E-04
 0.048737	-2.803040E-04
 0.043741	-2.691345E-04
 0.038736	-2.584229E-04
 0.033731	-2.483215E-04
 0.028729	-2.388000E-04
 0.023724	-2.300720E-04
 0.018723	-2.218933E-04
 0.013724	-2.144470E-04
 0.008728	-2.075195E-04
 0.003720	-2.012634E-04
 -0.001282	-1.952820E-04
 -0.006284	-1.898193E-04
 -0.011282	-1.847839E-04
 -0.016284	-1.800537E-04
 -0.021286	-1.757202E-04
 -0.026288	-1.716614E-04
 -0.031290	-1.678467E-04
 -0.036295	-1.643066E-04
 -0.041290	-1.609497E-04
 -0.046292	-1.578674E-04
 -0.051239	-1.549683E-04
 -0.056244	-1.522522E-04
 -0.061249	-1.496887E-04
 -0.066254	-1.472473E-04
 -0.071228	-1.449280E-04
 -0.076233	-1.427917E-04
 -0.081238	-1.407471E-04
 -0.086243	-1.387939E-04
 -0.091248	-1.369934E-04
 -0.096222	-1.352539E-04
 -0.101227	-1.335754E-04
 -0.106262	-1.319885E-04
 -0.111237	-1.304932E-04
 -0.116241	-1.290588E-04
 -0.121246	-1.276855E-04
 -0.126221	-1.264038E-04
 -0.131256	-1.251831E-04
 -0.136230	-1.240234E-04
 -0.141235	-1.228943E-04
 -0.146240	-1.218262E-04
 -0.151245	-1.207581E-04
 -0.156219	-1.197510E-04
 -0.161224	-1.187744E-04
 -0.166229	-1.178589E-04
 -0.171234	-1.170044E-04
 -0.176239	-1.161499E-04
 -0.181213	-1.153870E-04
 -0.186218	-1.145935E-04
 -0.191254	-1.138611E-04
 -0.196228	-1.131592E-04
 -0.201233	-1.124573E-04
 -0.206238	-1.118164E-04
 -0.211243	-1.111755E-04
 -0.216248	-1.105652E-04
 -0.221222	-1.099854E-04
 -0.226227	-1.094666E-04
 -0.231232	-1.089172E-04
 -0.236237	-1.084290E-04
 -0.241241	-1.079407E-04
 -0.246246	-1.074829E-04
 -0.251251	-1.070557E-04
 -0.256226	-1.065979E-04
 -0.261230	-1.062012E-04
 -0.266235	-1.058350E-04
 -0.271240	-1.054382E-04
 -0.276245	-1.051636E-04
 -0.281219	-1.047974E-04
 -0.286224	-1.045227E-04
 -0.291229	-1.041870E-04
 -0.296234	-1.039429E-04
 -0.296997	-8.590698E-05
 -0.291992	-4.489441E-05
 -0.286987	-3.745422E-05
 -0.282013	-3.524170E-05
 -0.277008	-3.416138E-05
 -0.272034	-3.335266E-05
 -0.267029	-3.270264E-05
 -0.262024	-3.026733E-05
 -0.257050	-3.150330E-05
 -0.252045	-3.120728E-05
 -0.247040	-3.083801E-05
 -0.242065	-3.041687E-05
 -0.237061	-3.005981E-05
 -0.232056	-2.972412E-05
 -0.227081	-2.941895E-05
 -0.222076	-2.905884E-05
 -0.217102	-2.875061E-05
 -0.212097	-2.847290E-05
 -0.207092	-2.825623E-05
 -0.202118	-2.796326E-05
 -0.197113	-2.777405E-05
 -0.192139	-2.749634E-05
 -0.187134	-2.724915E-05
 -0.182129	-2.704468E-05
 -0.177155	-2.687683E-05
 -0.172150	-2.662354E-05
 -0.167145	-2.645264E-05
 -0.162170	-2.626648E-05
 -0.157166	-2.609863E-05
 -0.152191	-2.593384E-05
 -0.147186	-2.576294E-05
 -0.142181	-2.558899E-05
 -0.137207	-2.536926E-05
 -0.132202	-2.534485E-05
 -0.127228	-2.512817E-05
 -0.122223	-2.485046E-05
 -0.117249	-2.490845E-05
 -0.112244	-2.466736E-05
 -0.107239	-2.455750E-05
 -0.102264	-2.423096E-05
 -0.097260	-2.419434E-05
 -0.092285	-2.407227E-05
 -0.087280	-2.393799E-05
 -0.082306	-2.377625E-05
 -0.077301	-2.358704E-05
 -0.072296	-2.349243E-05
 -0.067322	-2.332764E-05
 -0.062317	-2.307129E-05
 -0.057312	-2.291260E-05
 -0.052338	-2.267456E-05
 -0.047421	-2.240906E-05
 -0.042429	-2.214661E-05
 -0.037433	-2.187195E-05
 -0.032443	-2.151489E-05
 -0.027451	-2.109985E-05
 -0.022455	-2.070923E-05
 -0.017459	-2.026062E-05
 -0.012473	-1.976318E-05
 -0.007477	-1.915588E-05
 -0.002481	-1.845703E-05

 Potential	  Scan 4   
 0.002515	-1.780090E-05
 0.007523	-1.680908E-05
 0.012497	-1.599121E-05
 0.017493	-1.490784E-05
 0.022485	-1.359558E-05
 0.027478	-1.216736E-05
 0.032474	-1.049500E-05
 0.037466	-8.526611E-06
 0.042462	-6.286621E-06
 0.047446	-3.753967E-06
 0.052490	-6.741333E-07
 0.057465	2.771301E-06
 0.062469	6.756592E-06
 0.067474	1.139221E-05
 0.072449	1.657715E-05
 0.077423	2.257690E-05
 0.082428	2.928467E-05
 0.087402	3.687439E-05
 0.092407	4.525757E-05
 0.097412	5.453491E-05
 0.102386	6.469727E-05
 0.107391	7.574463E-05
 0.112366	8.770752E-05
 0.117371	1.004639E-04
 0.122375	1.140137E-04
 0.127350	1.282959E-04
 0.132355	1.432190E-04
 0.137329	1.587219E-04
 0.142334	1.746521E-04
 0.147339	1.909790E-04
 0.152313	2.075500E-04
 0.157288	2.242432E-04
 0.162292	2.408447E-04
 0.167267	2.572937E-04
 0.172272	2.734375E-04
 0.177277	2.890930E-04
 0.182251	3.040161E-04
 0.187256	3.180542E-04
 0.192261	3.313293E-04
 0.197235	3.432312E-04
 0.202240	3.535156E-04
 0.207214	3.623352E-04
 0.212189	3.692322E-04
 0.217194	3.740540E-04
 0.222198	3.765869E-04
 0.227173	3.771973E-04
 0.232178	3.753662E-04
 0.237152	3.713989E-04
 0.242157	3.652954E-04
 0.247131	3.576050E-04
 0.252136	3.485413E-04
 0.257141	3.384705E-04
 0.262115	3.279114E-04
 0.267090	3.171082E-04
 0.272125	3.064575E-04
 0.277100	2.960510E-04
 0.282104	2.861938E-04
 0.287079	2.768250E-04
 0.292053	2.680359E-04
 0.297058	2.598267E-04
 0.302063	2.522278E-04
 0.307037	2.451172E-04
 0.312042	2.384644E-04
 0.317047	2.323303E-04
 0.322021	2.265320E-04
 0.327026	2.212219E-04
 0.332001	2.161560E-04
 0.337006	2.113953E-04
 0.341980	2.069702E-04
 0.346985	2.027588E-04
 0.351959	1.988220E-04
 0.356964	1.950073E-04
 0.361938	1.914978E-04
 0.366943	1.880493E-04
 0.371918	1.848145E-04
 0.376923	1.817017E-04
 0.381927	1.787415E-04
 0.386902	1.758728E-04
 0.391907	1.731567E-04
 0.396881	1.705322E-04
 0.401886	1.680298E-04
 0.406860	1.655579E-04
 0.411865	1.632385E-04
 0.416840	1.609497E-04
 0.421844	1.587524E-04
 0.426819	1.565857E-04
 0.431824	1.545105E-04
 0.436798	1.524353E-04
 0.441803	1.504517E-04
 0.446777	1.484680E-04
 0.451782	1.465759E-04
 0.456787	1.446838E-04
 0.461761	1.428223E-04
 0.466766	1.409912E-04
 0.471741	1.392212E-04
 0.476746	1.374207E-04
 0.481720	1.357117E-04
 0.486725	1.339722E-04
 0.491699	1.323242E-04
 0.496704	1.306763E-04
 0.500183	1.285400E-04
 0.494843	1.086426E-04
 0.489838	1.019287E-04
 0.484833	9.732056E-05
 0.479828	9.362793E-05
 0.474823	9.045410E-05
 0.469818	8.767700E-05
 0.464813	8.511353E-05
 0.459839	8.279419E-05
 0.454834	8.053589E-05
 0.449829	7.846069E-05
 0.444824	7.644653E-05
 0.439819	7.452393E-05
 0.434814	7.266235E-05
 0.429810	7.080078E-05
 0.424805	6.906128E-05
 0.419800	6.732178E-05
 0.414795	6.555176E-05
 0.409790	6.384277E-05
 0.404785	6.213379E-05
 0.399780	6.045532E-05
 0.394806	5.880737E-05
 0.389801	5.709839E-05
 0.384796	5.541992E-05
 0.379791	5.374146E-05
 0.374786	5.203247E-05
 0.369781	5.038452E-05
 0.364777	4.871521E-05
 0.359772	4.697571E-05
 0.354767	4.520264E-05
 0.349792	4.345093E-05
 0.344788	4.162292E-05
 0.339783	3.980408E-05
 0.334778	3.587036E-05
 0.329773	3.581238E-05
 0.324768	3.392944E-05
 0.319763	3.194275E-05
 0.314789	2.990112E-05
 0.309753	2.778320E-05
 0.304779	2.560425E-05
 0.299774	2.331238E-05
 0.294769	2.093506E-05
 0.289764	1.842957E-05
 0.284760	1.577759E-05
 0.279755	1.297913E-05
 0.274750	1.002197E-05
 0.269745	6.845093E-06
 0.264771	3.414307E-06
 0.259766	-2.651978E-07
 0.254761	-4.284668E-06
 0.249756	-8.578491E-06
 0.244751	-1.329956E-05
 0.239746	-1.850586E-05
 0.234741	-2.416992E-05
 0.229767	-3.032227E-05
 0.224762	-3.705139E-05
 0.219757	-4.443970E-05
 0.214752	-5.249023E-05
 0.209747	-6.118774E-05
 0.204742	-7.058716E-05
 0.199738	-8.068848E-05
 0.194763	-9.158325E-05
 0.189758	-1.031494E-04
 0.184753	-1.152954E-04
 0.179749	-1.281128E-04
 0.174744	-1.415100E-04
 0.169739	-1.554565E-04
 0.164734	-1.697693E-04
 0.159760	-1.845093E-04
 0.154755	-1.994019E-04
 0.149750	-2.144165E-04
 0.144745	-2.293091E-04
 0.139740	-2.439880E-04
 0.134735	-2.583008E-04
 0.129761	-2.721252E-04
 0.124756	-2.851868E-04
 0.119751	-2.973633E-04
 0.114746	-3.084106E-04
 0.109741	-3.177795E-04
 0.104736	-3.263245E-04
 0.099762	-3.327637E-04
 0.094757	-3.372192E-04
 0.089752	-3.395691E-04
 0.084747	-3.395996E-04
 0.079742	-3.373108E-04
 0.074738	-3.326111E-04
 0.069763	-3.256226E-04
 0.064758	-3.167725E-04
 0.059753	-3.065491E-04
 0.054749	-2.955933E-04
 0.049744	-2.842712E-04
 0.044730	-2.730713E-04
 0.039728	-2.622375E-04
 0.034726	-2.519226E-04
 0.029721	-2.423706E-04
 0.024722	-2.334290E-04
 0.019724	-2.251587E-04
 0.014719	-2.175598E-04
 0.009717	-2.104797E-04
 0.004718	-2.039795E-04
 -0.000284	-1.980286E-04
 -0.005280	-1.923523E-04
 -0.010284	-1.873779E-04
 -0.015289	-1.825867E-04
 -0.020288	-1.781311E-04
 -0.025296	-1.740112E-04
 -0.030292	-1.701355E-04
 -0.035294	-1.665344E-04
 -0.040292	-1.631470E-04
 -0.045297	-1.600342E-04
 -0.050232	-1.570435E-04
 -0.055237	-1.542969E-04
 -0.060242	-1.516418E-04
 -0.065247	-1.492004E-04
 -0.070251	-1.468811E-04
 -0.075256	-1.446838E-04
 -0.080231	-1.426392E-04
 -0.085236	-1.406860E-04
 -0.090240	-1.388245E-04
 -0.095245	-1.370544E-04
 -0.100250	-1.353760E-04
 -0.105255	-1.338196E-04
 -0.110229	-1.322632E-04
 -0.115234	-1.308594E-04
 -0.120239	-1.294556E-04
 -0.125244	-1.280823E-04
 -0.130249	-1.268616E-04
 -0.135254	-1.256714E-04
 -0.140228	-1.245422E-04
 -0.145233	-1.234436E-04
 -0.150238	-1.223755E-04
 -0.155243	-1.213684E-04
 -0.160217	-1.204224E-04
 -0.165222	-1.195374E-04
 -0.170227	-1.186523E-04
 -0.175232	-1.177979E-04
 -0.180237	-1.169739E-04
 -0.185242	-1.161499E-04
 -0.190247	-1.154175E-04
 -0.195251	-1.147766E-04
 -0.200226	-1.140137E-04
 -0.205231	-1.133423E-04
 -0.210236	-1.127319E-04
 -0.215240	-1.120911E-04
 -0.220245	-1.115112E-04
 -0.225250	-1.109314E-04
 -0.230225	-1.104736E-04
 -0.235229	-1.098938E-04
 -0.240234	-1.094360E-04
 -0.245239	-1.089478E-04
 -0.250214	-1.084900E-04
 -0.255249	-1.080933E-04
 -0.260223	-1.076660E-04
 -0.265228	-1.072693E-04
 -0.270233	-1.069336E-04
 -0.275238	-1.065979E-04
 -0.280212	-1.062012E-04
 -0.285217	-1.059265E-04
 -0.290222	-1.055908E-04
 -0.295227	-1.053772E-04
 -0.297852	-1.023254E-04
 -0.292847	-4.940796E-05
 -0.287842	-3.948975E-05
 -0.282837	-3.690186E-05
 -0.277863	-3.572388E-05
 -0.272858	-3.483887E-05
 -0.267853	-3.417358E-05
 -0.262878	-3.167419E-05
 -0.257874	-3.293457E-05
 -0.252869	-3.268127E-05
 -0.247894	-3.225403E-05
 -0.242889	-3.183289E-05
 -0.237885	-3.146667E-05
 -0.232910	-3.113403E-05
 -0.227905	-3.077393E-05
 -0.222900	-3.049011E-05
 -0.217926	-3.018799E-05
 -0.212921	-2.988586E-05
 -0.207947	-2.962036E-05
 -0.202942	-2.937622E-05
 -0.197937	-2.915649E-05
 -0.192963	-2.886658E-05
 -0.187958	-2.863464E-05
 -0.182953	-2.843323E-05
 -0.177979	-2.824707E-05
 -0.172974	-2.800598E-05
 -0.167969	-2.784729E-05
 -0.162994	-2.764282E-05
 -0.157990	-2.744446E-05
 -0.153015	-2.725830E-05
 -0.148010	-2.705994E-05
 -0.143036	-2.689209E-05
 -0.138031	-2.675476E-05
 -0.133026	-2.658386E-05
 -0.128052	-2.646484E-05
 -0.123047	-2.625732E-05
 -0.118042	-2.612610E-05
 -0.113068	-2.597961E-05
 -0.108063	-2.580261E-05
 -0.103088	-2.563782E-05
 -0.098083	-2.548828E-05
 -0.093109	-2.533875E-05
 -0.088104	-2.519836E-05
 -0.083130	-2.506104E-05
 -0.078125	-2.493286E-05
 -0.073151	-2.473450E-05
 -0.068146	-2.456665E-05
 -0.063141	-2.437439E-05
 -0.058167	-2.416992E-05
 -0.053162	-2.391968E-05
 -0.048251	-2.373352E-05
 -0.043262	-2.342529E-05
 -0.038266	-2.315369E-05
 -0.033270	-2.278748E-05
 -0.028281	-2.244263E-05
 -0.023288	-2.204285E-05
 -0.018289	-2.160645E-05
 -0.013303	-2.105103E-05
 -0.008310	-2.050171E-05
 -0.003308	-1.969604E-05

 Potential	  Scan 5   
 0.001678	-1.911926E-05
 0.006686	-1.825256E-05
 0.011664	-1.741943E-05
 0.016656	-1.622925E-05
 0.021649	-1.503296E-05
 0.026645	-1.358032E-05
 0.031638	-1.197510E-05
 0.036624	-1.004333E-05
 0.041623	-7.852173E-06
 0.046613	-5.288696E-06
 0.051636	-2.382202E-06
 0.056610	1.028748E-06
 0.061615	4.962158E-06
 0.066620	9.503174E-06
 0.071625	1.462097E-05
 0.076599	2.047424E-05
 0.081604	2.708130E-05
 0.086578	3.450012E-05
 0.091583	4.279785E-05
 0.096588	5.194092E-05
 0.101563	6.198120E-05
 0.106567	7.293701E-05
 0.111542	8.471680E-05
 0.116547	9.738159E-05
 0.121521	1.108093E-04
 0.126526	1.249695E-04
 0.131500	1.398315E-04
 0.136505	1.552429E-04
 0.141510	1.711426E-04
 0.146484	1.874390E-04
 0.151489	2.039795E-04
 0.156464	2.206116E-04
 0.161469	2.372742E-04
 0.166443	2.537537E-04
 0.171448	2.699280E-04
 0.176422	2.856140E-04
 0.181396	3.006592E-04
 0.186401	3.148193E-04
 0.191406	3.283691E-04
 0.196381	3.403625E-04
 0.201385	3.508301E-04
 0.206360	3.598328E-04
 0.211365	3.670044E-04
 0.216370	3.722229E-04
 0.221344	3.752136E-04
 0.226349	3.760376E-04
 0.231323	3.746338E-04
 0.236328	3.709412E-04
 0.241302	3.652039E-04
 0.246307	3.577271E-04
 0.251282	3.488159E-04
 0.256317	3.388672E-04
 0.261292	3.283386E-04
 0.266266	3.175049E-04
 0.271271	3.067932E-04
 0.276245	2.963562E-04
 0.281250	2.863464E-04
 0.286224	2.768860E-04
 0.291229	2.680359E-04
 0.296204	2.597656E-04
 0.301208	2.520142E-04
 0.306183	2.448730E-04
 0.311188	2.381592E-04
 0.316193	2.319336E-04
 0.321167	2.261658E-04
 0.326172	2.207031E-04
 0.331146	2.156677E-04
 0.336151	2.108459E-04
 0.341125	2.063293E-04
 0.346130	2.020874E-04
 0.351105	1.980896E-04
 0.356110	1.942749E-04
 0.361084	1.906738E-04
 0.366089	1.872253E-04
 0.371063	1.839600E-04
 0.376068	1.808472E-04
 0.381073	1.778564E-04
 0.386047	1.749878E-04
 0.391052	1.722412E-04
 0.396027	1.695862E-04
 0.401031	1.670532E-04
 0.406006	1.645813E-04
 0.411011	1.622620E-04
 0.415985	1.599121E-04
 0.420990	1.577454E-04
 0.425964	1.555786E-04
 0.430969	1.534729E-04
 0.435944	1.513977E-04
 0.440948	1.494141E-04
 0.445953	1.474304E-04
 0.450958	1.455078E-04
 0.455933	1.436157E-04
 0.460907	1.417542E-04
 0.465912	1.399231E-04
 0.470886	1.381226E-04
 0.475891	1.363525E-04
 0.480865	1.346436E-04
 0.485870	1.329041E-04
 0.490845	1.312256E-04
 0.495850	1.295776E-04
 0.501099	1.279907E-04
 0.499268	1.130066E-04
 0.494232	1.034546E-04
 0.489258	9.805298E-05
 0.484222	9.399414E-05
 0.479248	9.060669E-05
 0.474243	8.767700E-05
 0.469238	8.508301E-05
 0.464233	8.267212E-05
 0.459229	8.041382E-05
 0.454224	7.830811E-05
 0.449219	7.626343E-05
 0.444214	7.434082E-05
 0.439209	7.244873E-05
 0.434204	7.061768E-05
 0.429199	6.884766E-05
 0.424194	6.707764E-05
 0.419189	6.536865E-05
 0.414215	6.365967E-05
 0.409180	6.198120E-05
 0.404205	6.033325E-05
 0.399200	5.865479E-05
 0.394196	5.697632E-05
 0.389191	5.529785E-05
 0.384186	5.368042E-05
 0.379181	5.200195E-05
 0.374176	5.032349E-05
 0.369171	4.871521E-05
 0.364166	4.700623E-05
 0.359192	4.527893E-05
 0.354187	4.353943E-05
 0.349182	4.178162E-05
 0.344177	3.997803E-05
 0.339172	3.609314E-05
 0.334167	3.608398E-05
 0.329163	3.425903E-05
 0.324158	3.228760E-05
 0.319183	3.032227E-05
 0.314148	2.825928E-05
 0.309143	2.613525E-05
 0.304169	2.397461E-05
 0.299133	2.168579E-05
 0.294159	1.929626E-05
 0.289154	1.675720E-05
 0.284149	1.414490E-05
 0.279144	1.136169E-05
 0.274139	8.343506E-06
 0.269135	5.172729E-06
 0.264160	1.730652E-06
 0.259155	-1.985474E-06
 0.254150	-5.993652E-06
 0.249146	-1.035767E-05
 0.244141	-1.515503E-05
 0.239166	-2.034912E-05
 0.234161	-2.601624E-05
 0.229156	-3.224182E-05
 0.224152	-3.905945E-05
 0.219147	-4.647217E-05
 0.214142	-5.462646E-05
 0.209137	-6.335449E-05
 0.204132	-7.281494E-05
 0.199158	-8.294678E-05
 0.194153	-9.387207E-05
 0.189148	-1.054382E-04
 0.184143	-1.177063E-04
 0.179138	-1.305542E-04
 0.174133	-1.440430E-04
 0.169128	-1.579590E-04
 0.164154	-1.723328E-04
 0.159149	-1.870422E-04
 0.154144	-2.019653E-04
 0.149139	-2.168884E-04
 0.144135	-2.317505E-04
 0.139130	-2.464294E-04
 0.134125	-2.607117E-04
 0.129150	-2.744141E-04
 0.124146	-2.874146E-04
 0.119141	-2.994385E-04
 0.114136	-3.103943E-04
 0.109131	-3.195801E-04
 0.104126	-3.278809E-04
 0.099152	-3.341370E-04
 0.094147	-3.384399E-04
 0.089142	-3.405762E-04
 0.084137	-3.404236E-04
 0.079132	-3.378906E-04
 0.074158	-3.328857E-04
 0.069153	-3.257446E-04
 0.064148	-3.167114E-04
 0.059143	-3.064270E-04
 0.054138	-2.954102E-04
 0.049124	-2.840576E-04
 0.044122	-2.729187E-04
 0.039120	-2.621460E-04
 0.034122	-2.519226E-04
 0.029120	-2.424316E-04
 0.024115	-2.335510E-04
 0.019116	-2.253418E-04
 0.014111	-2.177734E-04
 0.009116	-2.108154E-04
 0.004114	-2.044678E-04
 -0.000891	-1.984558E-04
 -0.005890	-1.928406E-04
 -0.010895	-1.878662E-04
 -0.015891	-1.830444E-04
 -0.020895	-1.786804E-04
 -0.025894	-1.745605E-04
 -0.030902	-1.707458E-04
 -0.035901	-1.671753E-04
 -0.040903	-1.638184E-04
 -0.045898	-1.606750E-04
 -0.050842	-1.577759E-04
 -0.055847	-1.549988E-04
 -0.060852	-1.524048E-04
 -0.065857	-1.499329E-04
 -0.070862	-1.476440E-04
 -0.075867	-1.454468E-04
 -0.080872	-1.433716E-04
 -0.085846	-1.414185E-04
 -0.090851	-1.395874E-04
 -0.095856	-1.378479E-04
 -0.100861	-1.361694E-04
 -0.105835	-1.345825E-04
 -0.110840	-1.331177E-04
 -0.115845	-1.316223E-04
 -0.120850	-1.302490E-04
 -0.125854	-1.289673E-04
 -0.130859	-1.277161E-04
 -0.135834	-1.265259E-04
 -0.140839	-1.253662E-04
 -0.145844	-1.243286E-04
 -0.150848	-1.232605E-04
 -0.155853	-1.222534E-04
 -0.160828	-1.212463E-04
 -0.165833	-1.203918E-04
 -0.170837	-1.195068E-04
 -0.175842	-1.186523E-04
 -0.180817	-1.178284E-04
 -0.185822	-1.170654E-04
 -0.190826	-1.163025E-04
 -0.195831	-1.155396E-04
 -0.200836	-1.148987E-04
 -0.205841	-1.141968E-04
 -0.210846	-1.136169E-04
 -0.215851	-1.129761E-04
 -0.220825	-1.123962E-04
 -0.225830	-1.118469E-04
 -0.230835	-1.112976E-04
 -0.235840	-1.107788E-04
 -0.240845	-1.102905E-04
 -0.245819	-1.098328E-04
 -0.250854	-1.093750E-04
 -0.255829	-1.089478E-04
 -0.260834	-1.085510E-04
 -0.265839	-1.081848E-04
 -0.270844	-1.078186E-04
 -0.275848	-1.074219E-04
 -0.280853	-1.071167E-04
 -0.285858	-1.068115E-04
 -0.290833	-1.065369E-04
 -0.295837	-1.062012E-04
 -0.296783	-8.963013E-05
 -0.291779	-4.749756E-05
 -0.286774	-3.980713E-05
 -0.281799	-3.762207E-05
 -0.276794	-3.645935E-05
 -0.271790	-3.569031E-05
 -0.266815	-3.500671E-05
 -0.261810	-3.253174E-05
 -0.256836	-3.380432E-05
 -0.251831	-3.346558E-05
 -0.246826	-3.311768E-05
 -0.241821	-3.269043E-05
 -0.236847	-3.233948E-05
 -0.231842	-3.194885E-05
 -0.226837	-3.166504E-05
 -0.221863	-3.133545E-05
 -0.216858	-3.106079E-05
 -0.211884	-3.080139E-05
 -0.206879	-3.047791E-05
 -0.201874	-3.020935E-05
 -0.196899	-2.999268E-05
 -0.191895	-2.972412E-05
 -0.186890	-2.952271E-05
 -0.181915	-2.928162E-05
 -0.176910	-2.909241E-05
 -0.171936	-2.888489E-05
 -0.166931	-2.865601E-05
 -0.161957	-2.850952E-05
 -0.156952	-2.828674E-05
 -0.151947	-2.811584E-05
 -0.146973	-2.794189E-05
 -0.141968	-2.778931E-05
 -0.136993	-2.761841E-05
 -0.131989	-2.745667E-05
 -0.126984	-2.725830E-05
 -0.122009	-2.713928E-05
 -0.117004	-2.693787E-05
 -0.112030	-2.683105E-05
 -0.107025	-2.664185E-05
 -0.102020	-2.651672E-05
 -0.097046	-2.633972E-05
 -0.092041	-2.617188E-05
 -0.087067	-2.602844E-05
 -0.082062	-2.585449E-05
 -0.077087	-2.568054E-05
 -0.072083	-2.552185E-05
 -0.067108	-2.531738E-05
 -0.062103	-2.513123E-05
 -0.057098	-2.498474E-05
 -0.052124	-2.478333E-05
 -0.047202	-2.446594E-05
 -0.042206	-2.425537E-05
 -0.037216	-2.391052E-05
 -0.032220	-2.356873E-05
 -0.027228	-2.318726E-05
 -0.022238	-2.279053E-05
 -0.017242	-2.230835E-05
 -0.012247	-2.179565E-05
 -0.007251	-2.115784E-05
 -0.002258	-2.049866E-05
