Date: 15-08-25
Time: 14:32:51 PM

Exp. Conditions:
Cyclic voltammetry
Start potential (V) = .0000
First vertex potential (V) = .5000
Second vertex potential (V) = -.3000
Step potential (V) = .00500
Scan rate (V/s) = .30005
Equilibration time (s) = 
Number of Data Points =  320 

 Potential	  Scan 1   
 0.002136	-7.174683E-06
 0.009677	1.633911E-06
 0.014670	2.599182E-06
 0.019659	3.456421E-06
 0.024652	4.360046E-06
 0.029645	5.346680E-06
 0.034641	6.518555E-06
 0.039633	7.843018E-06
 0.044623	9.408569E-06
 0.049622	1.122437E-05
 0.054626	1.338196E-05
 0.059631	1.582947E-05
 0.064606	1.873779E-05
 0.069611	2.208252E-05
 0.074615	2.596436E-05
 0.079590	3.048096E-05
 0.084564	3.556519E-05
 0.089569	4.134827E-05
 0.094574	4.792786E-05
 0.099548	5.517578E-05
 0.104553	6.326294E-05
 0.109528	7.214355E-05
 0.114532	8.181763E-05
 0.119507	9.225464E-05
 0.124512	1.033936E-04
 0.129486	1.151733E-04
 0.134491	1.275635E-04
 0.139496	1.404724E-04
 0.144470	1.537781E-04
 0.149445	1.673889E-04
 0.154449	1.811523E-04
 0.159424	1.948853E-04
 0.164429	2.085571E-04
 0.169403	2.219543E-04
 0.174408	2.348938E-04
 0.179382	2.471924E-04
 0.184387	2.586365E-04
 0.189392	2.690735E-04
 0.194366	2.783813E-04
 0.199371	2.862549E-04
 0.204346	2.926025E-04
 0.209351	2.971802E-04
 0.214325	2.999573E-04
 0.219299	3.010254E-04
 0.224304	2.998962E-04
 0.229279	2.970276E-04
 0.234283	2.924500E-04
 0.239288	2.864685E-04
 0.244263	2.794495E-04
 0.249268	2.716370E-04
 0.254242	2.633972E-04
 0.259247	2.550354E-04
 0.264221	2.467346E-04
 0.269226	2.387085E-04
 0.274200	2.310486E-04
 0.279205	2.237549E-04
 0.284180	2.169495E-04
 0.289185	2.106018E-04
 0.294159	2.046509E-04
 0.299164	1.991272E-04
 0.304138	1.939697E-04
 0.309143	1.891785E-04
 0.314117	1.846924E-04
 0.319122	1.805115E-04
 0.324127	1.765747E-04
 0.329102	1.728821E-04
 0.334106	1.694336E-04
 0.339081	1.661987E-04
 0.344055	1.631165E-04
 0.349060	1.601563E-04
 0.354034	1.573792E-04
 0.359039	1.547852E-04
 0.364014	1.522522E-04
 0.369019	1.498718E-04
 0.373993	1.475830E-04
 0.378998	1.453552E-04
 0.383972	1.432495E-04
 0.388977	1.412048E-04
 0.393951	1.392517E-04
 0.398956	1.373596E-04
 0.403931	1.354980E-04
 0.408936	1.337280E-04
 0.413910	1.320190E-04
 0.418915	1.303101E-04
 0.423889	1.286621E-04
 0.428894	1.270447E-04
 0.433868	1.254272E-04
 0.438873	1.239014E-04
 0.443848	1.223450E-04
 0.448853	1.208496E-04
 0.453827	1.193542E-04
 0.458832	1.179199E-04
 0.463806	1.164551E-04
 0.468811	1.150513E-04
 0.473785	1.136475E-04
 0.478790	1.122437E-04
 0.483765	1.108704E-04
 0.488770	1.095276E-04
 0.493744	1.081848E-04
 0.498749	1.069031E-04
 0.500488	1.002502E-04
 0.494965	9.039307E-05
 0.489960	8.621216E-05
 0.484924	8.322144E-05
 0.479950	8.071899E-05
 0.474945	7.858276E-05
 0.469910	7.666016E-05
 0.464935	7.485962E-05
 0.459930	7.321167E-05
 0.454895	7.162476E-05
 0.449921	7.012939E-05
 0.444916	6.869507E-05
 0.439880	6.729126E-05
 0.434875	6.594849E-05
 0.429871	6.457520E-05
 0.424866	6.329346E-05
 0.419861	6.201172E-05
 0.414856	6.072998E-05
 0.409851	5.947876E-05
 0.404846	5.825806E-05
 0.399841	5.700684E-05
 0.394836	5.575562E-05
 0.389832	5.456543E-05
 0.384827	5.334473E-05
 0.379822	5.209351E-05
 0.374817	5.087280E-05
 0.369812	4.965210E-05
 0.364807	4.848022E-05
 0.359802	4.720154E-05
 0.354797	4.594421E-05
 0.349792	4.465637E-05
 0.344788	4.337463E-05
 0.339813	4.159546E-05
 0.334808	4.054565E-05
 0.329803	3.917236E-05
 0.324799	3.777771E-05
 0.319794	3.635864E-05
 0.314789	3.486633E-05
 0.309784	3.333130E-05
 0.304779	3.170471E-05
 0.299744	3.004761E-05
 0.294769	2.829590E-05
 0.289764	2.644348E-05
 0.284760	2.449341E-05
 0.279755	2.236633E-05
 0.274750	2.009888E-05
 0.269745	1.762390E-05
 0.264740	1.496277E-05
 0.259735	1.205139E-05
 0.254730	8.859253E-06
 0.249725	5.343628E-06
 0.244720	1.443176E-06
 0.239716	-2.809143E-06
 0.234711	-7.531738E-06
 0.229706	-1.275330E-05
 0.224701	-1.854248E-05
 0.219696	-2.488708E-05
 0.214691	-3.183289E-05
 0.209686	-3.945313E-05
 0.204681	-4.772949E-05
 0.199677	-5.664063E-05
 0.194672	-6.616211E-05
 0.189697	-7.635498E-05
 0.184662	-8.715820E-05
 0.179657	-9.844971E-05
 0.174652	-1.102600E-04
 0.169678	-1.223755E-04
 0.164673	-1.347656E-04
 0.159668	-1.473083E-04
 0.154663	-1.598816E-04
 0.149658	-1.723328E-04
 0.144653	-1.845398E-04
 0.139648	-1.962280E-04
 0.134644	-2.072754E-04
 0.129639	-2.174988E-04
 0.124634	-2.267761E-04
 0.119629	-2.347412E-04
 0.114624	-2.413330E-04
 0.109619	-2.463379E-04
 0.104614	-2.496338E-04
 0.099640	-2.509460E-04
 0.094635	-2.504578E-04
 0.089630	-2.478638E-04
 0.084625	-2.433472E-04
 0.079620	-2.372131E-04
 0.074615	-2.298584E-04
 0.069611	-2.217102E-04
 0.064606	-2.131958E-04
 0.059601	-2.045898E-04
 0.054596	-1.961365E-04
 0.049591	-1.880493E-04
 0.044586	-1.803894E-04
 0.039578	-1.732483E-04
 0.034576	-1.665955E-04
 0.029572	-1.604309E-04
 0.024570	-1.547546E-04
 0.019568	-1.495056E-04
 0.014563	-1.446228E-04
 0.009555	-1.401062E-04
 0.004553	-1.360168E-04
 -0.000452	-1.320801E-04
 -0.005450	-1.283875E-04
 -0.010458	-1.251831E-04
 -0.015463	-1.220703E-04
 -0.020468	-1.191406E-04
 -0.025473	-1.163940E-04
 -0.030478	-1.138611E-04
 -0.035480	-1.114807E-04
 -0.040485	-1.092529E-04
 -0.045490	-1.071167E-04
 -0.050446	-1.051331E-04
 -0.055450	-1.032410E-04
 -0.060455	-1.014709E-04
 -0.065460	-9.982300E-05
 -0.070465	-9.823608E-05
 -0.075470	-9.674072E-05
 -0.080444	-9.533691E-05
 -0.085449	-9.399414E-05
 -0.090454	-9.274292E-05
 -0.095459	-9.149170E-05
 -0.100464	-9.033203E-05
 -0.105469	-8.926392E-05
 -0.110474	-8.822632E-05
 -0.115479	-8.721924E-05
 -0.120483	-8.624268E-05
 -0.125488	-8.529663E-05
 -0.130493	-8.441162E-05
 -0.135498	-8.355713E-05
 -0.140472	-8.276367E-05
 -0.145477	-8.200073E-05
 -0.150482	-8.126831E-05
 -0.155487	-8.053589E-05
 -0.160492	-7.986450E-05
 -0.165497	-7.919312E-05
 -0.170502	-7.855225E-05
 -0.175507	-7.794189E-05
 -0.180481	-7.733154E-05
 -0.185486	-7.678223E-05
 -0.190521	-7.623291E-05
 -0.195526	-7.571411E-05
 -0.200531	-7.522583E-05
 -0.205505	-7.473755E-05
 -0.210510	-7.427979E-05
 -0.215515	-7.385254E-05
 -0.220520	-7.339478E-05
 -0.225525	-7.296753E-05
 -0.230530	-7.257080E-05
 -0.235535	-7.220459E-05
 -0.240540	-7.186890E-05
 -0.245514	-7.150269E-05
 -0.250549	-7.116699E-05
 -0.255554	-7.086182E-05
 -0.260529	-7.055664E-05
 -0.265533	-7.028198E-05
 -0.270538	-6.994629E-05
 -0.275543	-6.967163E-05
 -0.280548	-6.942749E-05
 -0.285553	-6.921387E-05
 -0.290527	-6.900024E-05
 -0.295563	-6.881714E-05
 -0.296997	-5.810547E-05
 -0.291992	-2.968445E-05
 -0.287018	-2.723083E-05
 -0.282013	-2.636719E-05
 -0.277039	-2.574768E-05
 -0.272034	-2.525330E-05
 -0.267029	-2.484436E-05
 -0.262054	-2.444458E-05
 -0.257050	-2.409363E-05
 -0.252045	-2.379150E-05
 -0.247070	-2.345276E-05
 -0.242065	-2.318115E-05
 -0.237091	-2.292786E-05
 -0.232086	-2.265320E-05
 -0.227081	-2.238464E-05
 -0.222107	-2.216797E-05
 -0.217102	-2.194824E-05
 -0.212128	-2.174988E-05
 -0.207123	-2.151794E-05
 -0.202148	-2.135315E-05
 -0.197144	-2.112427E-05
 -0.192139	-2.096252E-05
 -0.187164	-2.077942E-05
 -0.182159	-2.062073E-05
 -0.177155	-2.046204E-05
 -0.172180	-2.029419E-05
 -0.167175	-2.011719E-05
 -0.162201	-1.999207E-05
 -0.157196	-1.984253E-05
 -0.152222	-1.970520E-05
 -0.147217	-1.958313E-05
 -0.142242	-1.945190E-05
 -0.137238	-1.929626E-05
 -0.132233	-1.917725E-05
 -0.127258	-1.907349E-05
 -0.122253	-1.893921E-05
 -0.117279	-1.881409E-05
 -0.112274	-1.870728E-05
 -0.107300	-1.856995E-05
 -0.102295	-1.846924E-05
 -0.097321	-1.836243E-05
 -0.092316	-1.824036E-05
 -0.087341	-1.811523E-05
 -0.082336	-1.798096E-05
 -0.077362	-1.787109E-05
 -0.072357	-1.774597E-05
 -0.067383	-1.762695E-05
 -0.062378	-1.750793E-05
 -0.057373	-1.733704E-05
 -0.052399	-1.717224E-05
 -0.047476	-1.698914E-05
 -0.042484	-1.680908E-05
 -0.037494	-1.659546E-05
 -0.032501	-1.636047E-05
 -0.027515	-1.611023E-05
 -0.022522	-1.581726E-05
 -0.017532	-1.553955E-05
 -0.012534	-1.517639E-05
 -0.007550	-1.476746E-05
 -0.002557	-1.428833E-05

 Potential	  Scan 2   
 0.002435	-1.378784E-05
 0.007449	-1.308899E-05
 0.012427	-1.257629E-05
 0.017416	-1.181335E-05
 0.022406	-1.092834E-05
 0.027396	-9.906006E-06
 0.032388	-8.734131E-06
 0.037384	-7.366943E-06
 0.042374	-5.798340E-06
 0.047363	-3.982544E-06
 0.052368	-1.829529E-06
 0.057373	6.414795E-07
 0.062347	3.548279E-06
 0.067352	6.915283E-06
 0.072357	1.077576E-05
 0.077332	1.519775E-05
 0.082306	2.023926E-05
 0.087311	2.595520E-05
 0.092316	3.241882E-05
 0.097290	3.960876E-05
 0.102264	4.757996E-05
 0.107269	5.633545E-05
 0.112244	6.585693E-05
 0.117249	7.617188E-05
 0.122253	8.724976E-05
 0.127228	9.893799E-05
 0.132233	1.112671E-04
 0.137207	1.241150E-04
 0.142181	1.373291E-04
 0.147186	1.509399E-04
 0.152161	1.647644E-04
 0.157166	1.785583E-04
 0.162170	1.923218E-04
 0.167145	2.058105E-04
 0.172119	2.188721E-04
 0.177124	2.313843E-04
 0.182098	2.431335E-04
 0.187103	2.538452E-04
 0.192108	2.635193E-04
 0.197083	2.717896E-04
 0.202087	2.785339E-04
 0.207062	2.836304E-04
 0.212067	2.868652E-04
 0.217041	2.882080E-04
 0.222046	2.877197E-04
 0.227020	2.853088E-04
 0.232025	2.812500E-04
 0.237000	2.756958E-04
 0.242004	2.689209E-04
 0.246979	2.613220E-04
 0.251984	2.532349E-04
 0.256958	2.449341E-04
 0.261963	2.366333E-04
 0.266937	2.285461E-04
 0.271942	2.207642E-04
 0.276917	2.134094E-04
 0.281921	2.064819E-04
 0.286896	2.000122E-04
 0.291901	1.939697E-04
 0.296875	1.883240E-04
 0.301849	1.831055E-04
 0.306854	1.782227E-04
 0.311829	1.736755E-04
 0.316833	1.694031E-04
 0.321838	1.654358E-04
 0.326813	1.616821E-04
 0.331818	1.581726E-04
 0.336792	1.548462E-04
 0.341766	1.517334E-04
 0.346771	1.487732E-04
 0.351776	1.459656E-04
 0.356750	1.433105E-04
 0.361725	1.407471E-04
 0.366730	1.383362E-04
 0.371704	1.360474E-04
 0.376709	1.338196E-04
 0.381683	1.317139E-04
 0.386688	1.296387E-04
 0.391663	1.277161E-04
 0.396667	1.258240E-04
 0.401642	1.239929E-04
 0.406647	1.222534E-04
 0.411621	1.205444E-04
 0.416626	1.188965E-04
 0.421600	1.172791E-04
 0.426605	1.156921E-04
 0.431580	1.141968E-04
 0.436554	1.127014E-04
 0.441559	1.112061E-04
 0.446564	1.098022E-04
 0.451538	1.083984E-04
 0.456512	1.070251E-04
 0.461517	1.056824E-04
 0.466522	1.043396E-04
 0.471497	1.030273E-04
 0.476501	1.017456E-04
 0.481476	1.004944E-04
 0.486450	9.924316E-05
 0.491455	9.805298E-05
 0.496429	9.686279E-05
 0.501709	9.567261E-05
 0.499054	8.432007E-05
 0.494019	7.852173E-05
 0.489044	7.507324E-05
 0.484009	7.241821E-05
 0.479004	7.022095E-05
 0.473999	6.829834E-05
 0.468994	6.652832E-05
 0.463989	6.488037E-05
 0.458984	6.335449E-05
 0.453979	6.188965E-05
 0.448975	6.051636E-05
 0.443970	5.917358E-05
 0.438965	5.786133E-05
 0.433960	5.661011E-05
 0.428955	5.535889E-05
 0.423950	5.413818E-05
 0.418945	5.294800E-05
 0.413940	5.175781E-05
 0.408936	5.059814E-05
 0.403931	4.945068E-05
 0.398926	4.827881E-05
 0.393921	4.712219E-05
 0.388916	4.595337E-05
 0.383911	4.481201E-05
 0.378906	4.362793E-05
 0.373901	4.248352E-05
 0.368896	4.129639E-05
 0.363892	4.010620E-05
 0.358887	3.889771E-05
 0.353882	3.770752E-05
 0.348877	3.645020E-05
 0.343872	3.521729E-05
 0.338867	3.395691E-05
 0.333862	3.266296E-05
 0.328857	3.132324E-05
 0.323853	2.998657E-05
 0.318848	2.858887E-05
 0.313843	2.713623E-05
 0.308838	2.565613E-05
 0.303833	2.410583E-05
 0.298828	2.247009E-05
 0.293823	2.075806E-05
 0.288818	1.892090E-05
 0.283813	1.699524E-05
 0.278809	1.492615E-05
 0.273804	1.270752E-05
 0.268799	1.027222E-05
 0.263794	7.656860E-06
 0.258789	4.748535E-06
 0.253784	1.591797E-06
 0.248779	-1.869507E-06
 0.243774	-5.722046E-06
 0.238770	-9.991455E-06
 0.233765	-1.469116E-05
 0.228760	-1.992493E-05
 0.223755	-2.565002E-05
 0.218750	-3.200073E-05
 0.213745	-3.892212E-05
 0.208740	-4.652100E-05
 0.203735	-5.474854E-05
 0.198761	-6.362915E-05
 0.193756	-7.318115E-05
 0.188751	-8.340454E-05
 0.183746	-9.414673E-05
 0.178741	-1.054688E-04
 0.173737	-1.171570E-04
 0.168732	-1.292419E-04
 0.163727	-1.416321E-04
 0.158722	-1.541443E-04
 0.153717	-1.667175E-04
 0.148712	-1.790466E-04
 0.143707	-1.911316E-04
 0.138702	-2.027588E-04
 0.133698	-2.137451E-04
 0.128693	-2.238464E-04
 0.123688	-2.329407E-04
 0.118683	-2.408142E-04
 0.113678	-2.472839E-04
 0.108673	-2.520752E-04
 0.103668	-2.551575E-04
 0.098694	-2.564087E-04
 0.093689	-2.556763E-04
 0.088684	-2.529602E-04
 0.083679	-2.483521E-04
 0.078674	-2.420959E-04
 0.073669	-2.346191E-04
 0.068665	-2.264709E-04
 0.063660	-2.179260E-04
 0.058655	-2.093201E-04
 0.053650	-2.008972E-04
 0.048636	-1.928406E-04
 0.043628	-1.852722E-04
 0.038623	-1.781616E-04
 0.033618	-1.715088E-04
 0.028613	-1.654053E-04
 0.023608	-1.597290E-04
 0.018604	-1.545410E-04
 0.013599	-1.496887E-04
 0.008600	-1.452026E-04
 0.003592	-1.411438E-04
 -0.001413	-1.372070E-04
 -0.006421	-1.336670E-04
 -0.011426	-1.302490E-04
 -0.016431	-1.271362E-04
 -0.021436	-1.242676E-04
 -0.026437	-1.215210E-04
 -0.031445	-1.189575E-04
 -0.036447	-1.165466E-04
 -0.041449	-1.143188E-04
 -0.046457	-1.121826E-04
 -0.051392	-1.101685E-04
 -0.056396	-1.083069E-04
 -0.061401	-1.065063E-04
 -0.066437	-1.048279E-04
 -0.071411	-1.032410E-04
 -0.076416	-1.017456E-04
 -0.081421	-1.002808E-04
 -0.086426	-9.887695E-05
 -0.091431	-9.759521E-05
 -0.096436	-9.637451E-05
 -0.101440	-9.518433E-05
 -0.106445	-9.408569E-05
 -0.111450	-9.298706E-05
 -0.116455	-9.197998E-05
 -0.121460	-9.100342E-05
 -0.126465	-9.005737E-05
 -0.131470	-8.914185E-05
 -0.136444	-8.828735E-05
 -0.141449	-8.749390E-05
 -0.146454	-8.666992E-05
 -0.151459	-8.590698E-05
 -0.156464	-8.511353E-05
 -0.161469	-8.444214E-05
 -0.166473	-8.377075E-05
 -0.171478	-8.309937E-05
 -0.176483	-8.248901E-05
 -0.181458	-8.187866E-05
 -0.186493	-8.129883E-05
 -0.191498	-8.074951E-05
 -0.196472	-8.016968E-05
 -0.201508	-7.968140E-05
 -0.206482	-7.922363E-05
 -0.211487	-7.873535E-05
 -0.216492	-7.827759E-05
 -0.221497	-7.785034E-05
 -0.226501	-7.736206E-05
 -0.231506	-7.699585E-05
 -0.236511	-7.653809E-05
 -0.241516	-7.620239E-05
 -0.246521	-7.583618E-05
 -0.251526	-7.550049E-05
 -0.256531	-7.513428E-05
 -0.261536	-7.482910E-05
 -0.266510	-7.455444E-05
 -0.271545	-7.424927E-05
 -0.276520	-7.397461E-05
 -0.281525	-7.369995E-05
 -0.286530	-7.345581E-05
 -0.291534	-7.324219E-05
 -0.296539	-7.299805E-05
 -0.296783	-5.328369E-05
 -0.291809	-3.329163E-05
 -0.286804	-3.131409E-05
 -0.281799	-3.045349E-05
 -0.276825	-2.986450E-05
 -0.271820	-2.936401E-05
 -0.266846	-2.891235E-05
 -0.261841	-2.850952E-05
 -0.256866	-2.816467E-05
 -0.251862	-2.779846E-05
 -0.246857	-2.751465E-05
 -0.241852	-2.717590E-05
 -0.236877	-2.691650E-05
 -0.231873	-2.664795E-05
 -0.226898	-2.640381E-05
 -0.221893	-2.616272E-05
 -0.216919	-2.591858E-05
 -0.211914	-2.565613E-05
 -0.206940	-2.545471E-05
 -0.201935	-2.525024E-05
 -0.196930	-2.506104E-05
 -0.191956	-2.487793E-05
 -0.186951	-2.471313E-05
 -0.181946	-2.450867E-05
 -0.176971	-2.434998E-05
 -0.171967	-2.416382E-05
 -0.166992	-2.400818E-05
 -0.161987	-2.382813E-05
 -0.157013	-2.368469E-05
 -0.152008	-2.350464E-05
 -0.147034	-2.337952E-05
 -0.142029	-2.319946E-05
 -0.137054	-2.310181E-05
 -0.132050	-2.294312E-05
 -0.127045	-2.281189E-05
 -0.122070	-2.265625E-05
 -0.117065	-2.253723E-05
 -0.112091	-2.239685E-05
 -0.107086	-2.226868E-05
 -0.102112	-2.213745E-05
 -0.097107	-2.202148E-05
 -0.092133	-2.189636E-05
 -0.087128	-2.176514E-05
 -0.082153	-2.163696E-05
 -0.077148	-2.148438E-05
 -0.072174	-2.135315E-05
 -0.067200	-2.118835E-05
 -0.062195	-2.105103E-05
 -0.057190	-2.086792E-05
 -0.052216	-2.069092E-05
 -0.047287	-2.050781E-05
 -0.042297	-2.029114E-05
 -0.037308	-2.010193E-05
 -0.032312	-1.984253E-05
 -0.027319	-1.959839E-05
 -0.022327	-1.925354E-05
 -0.017337	-1.896057E-05
 -0.012344	-1.857300E-05
 -0.007358	-1.818237E-05
 -0.002365	-1.767578E-05

 Potential	  Scan 3   
 0.002637	-1.714172E-05
 0.007639	-1.643677E-05
 0.012616	-1.588440E-05
 0.017606	-1.508789E-05
 0.022598	-1.414795E-05
 0.027591	-1.308594E-05
 0.032578	-1.193237E-05
 0.037567	-1.052246E-05
 0.042566	-8.908081E-06
 0.047556	-7.003784E-06
 0.052582	-4.818726E-06
 0.057556	-2.291565E-06
 0.062561	6.106567E-07
 0.067566	4.066772E-06
 0.072540	7.977295E-06
 0.077515	1.248779E-05
 0.082520	1.760559E-05
 0.087494	2.344055E-05
 0.092499	2.996216E-05
 0.097473	3.725586E-05
 0.102478	4.534302E-05
 0.107452	5.413818E-05
 0.112457	6.378174E-05
 0.117432	7.418823E-05
 0.122437	8.529663E-05
 0.127411	9.710693E-05
 0.132416	1.094971E-04
 0.137390	1.224060E-04
 0.142395	1.356812E-04
 0.147369	1.493530E-04
 0.152374	1.631165E-04
 0.157349	1.769104E-04
 0.162354	1.906738E-04
 0.167328	2.041016E-04
 0.172333	2.171326E-04
 0.177307	2.295837E-04
 0.182312	2.412109E-04
 0.187286	2.518311E-04
 0.192291	2.613220E-04
 0.197266	2.694702E-04
 0.202271	2.760620E-04
 0.207245	2.809448E-04
 0.212250	2.839966E-04
 0.217224	2.851868E-04
 0.222229	2.844543E-04
 0.227203	2.818909E-04
 0.232208	2.776489E-04
 0.237183	2.719421E-04
 0.242188	2.651062E-04
 0.247162	2.574463E-04
 0.252167	2.493591E-04
 0.257141	2.410278E-04
 0.262146	2.327271E-04
 0.267120	2.247009E-04
 0.272125	2.169800E-04
 0.277100	2.096558E-04
 0.282104	2.027588E-04
 0.287079	1.963806E-04
 0.292084	1.903381E-04
 0.297058	1.848145E-04
 0.302063	1.795959E-04
 0.307037	1.747437E-04
 0.312042	1.701965E-04
 0.317017	1.659851E-04
 0.322021	1.620178E-04
 0.326996	1.582947E-04
 0.332001	1.548157E-04
 0.336975	1.515198E-04
 0.341980	1.484070E-04
 0.346954	1.454773E-04
 0.351929	1.426392E-04
 0.356934	1.400146E-04
 0.361938	1.374817E-04
 0.366913	1.351013E-04
 0.371918	1.327820E-04
 0.376892	1.305847E-04
 0.381897	1.284790E-04
 0.386871	1.264343E-04
 0.391846	1.244812E-04
 0.396851	1.226196E-04
 0.401825	1.207886E-04
 0.406830	1.190491E-04
 0.411835	1.173706E-04
 0.416809	1.157227E-04
 0.421783	1.141052E-04
 0.426788	1.125488E-04
 0.431763	1.110229E-04
 0.436768	1.095581E-04
 0.441772	1.080933E-04
 0.446747	1.066589E-04
 0.451721	1.052856E-04
 0.456726	1.039124E-04
 0.461700	1.025696E-04
 0.466705	1.012573E-04
 0.471680	9.997559E-05
 0.476685	9.869385E-05
 0.481659	9.744263E-05
 0.486664	9.622192E-05
 0.491638	9.503174E-05
 0.496643	9.384155E-05
 0.497864	8.734131E-05
 0.492859	7.781982E-05
 0.487854	7.382202E-05
 0.482849	7.095337E-05
 0.477844	6.860352E-05
 0.472839	6.655884E-05
 0.467834	6.472778E-05
 0.462830	6.304932E-05
 0.457825	6.149292E-05
 0.452820	6.002808E-05
 0.447815	5.862427E-05
 0.442810	5.728149E-05
 0.437805	5.593872E-05
 0.432770	5.465698E-05
 0.427765	5.340576E-05
 0.422760	5.218506E-05
 0.417755	5.099487E-05
 0.412781	4.977417E-05
 0.407745	4.864807E-05
 0.402740	4.747009E-05
 0.397766	4.631042E-05
 0.392731	4.514160E-05
 0.387756	4.397888E-05
 0.382751	4.282837E-05
 0.377747	4.165039E-05
 0.372742	4.049988E-05
 0.367706	3.929749E-05
 0.362732	3.811951E-05
 0.357727	3.692627E-05
 0.352692	3.571167E-05
 0.347717	3.446655E-05
 0.342712	3.323059E-05
 0.337708	3.194275E-05
 0.332703	3.065186E-05
 0.327698	2.932129E-05
 0.322693	2.795410E-05
 0.317688	2.654419E-05
 0.312683	2.514648E-05
 0.307648	2.361145E-05
 0.302673	2.207336E-05
 0.297668	2.042847E-05
 0.292664	1.867981E-05
 0.287659	1.685181E-05
 0.282654	1.490173E-05
 0.277649	1.278381E-05
 0.272644	1.052246E-05
 0.267639	8.074951E-06
 0.262634	5.377197E-06
 0.257629	2.468567E-06
 0.252625	-7.360840E-07
 0.247620	-4.318848E-06
 0.242615	-8.215332E-06
 0.237610	-1.254272E-05
 0.232605	-1.735840E-05
 0.227600	-2.266235E-05
 0.222595	-2.848816E-05
 0.217590	-3.493347E-05
 0.212585	-4.198608E-05
 0.207581	-4.968262E-05
 0.202606	-5.804443E-05
 0.197601	-6.707764E-05
 0.192596	-7.669067E-05
 0.187592	-8.700562E-05
 0.182556	-9.783936E-05
 0.177582	-1.092224E-04
 0.172577	-1.210327E-04
 0.167572	-1.331482E-04
 0.162567	-1.455383E-04
 0.157562	-1.580505E-04
 0.152557	-1.705627E-04
 0.147552	-1.829224E-04
 0.142548	-1.948853E-04
 0.137543	-2.063904E-04
 0.132538	-2.172241E-04
 0.127533	-2.271423E-04
 0.122528	-2.360535E-04
 0.117523	-2.436523E-04
 0.112518	-2.498169E-04
 0.107544	-2.543030E-04
 0.102539	-2.570801E-04
 0.097534	-2.579651E-04
 0.092529	-2.568054E-04
 0.087524	-2.537231E-04
 0.082520	-2.488098E-04
 0.077515	-2.423096E-04
 0.072510	-2.346802E-04
 0.067505	-2.264099E-04
 0.062500	-2.178650E-04
 0.057495	-2.092896E-04
 0.052490	-2.009277E-04
 0.047482	-1.929626E-04
 0.042474	-1.854858E-04
 0.037473	-1.784363E-04
 0.032465	-1.719360E-04
 0.027463	-1.659241E-04
 0.022452	-1.603088E-04
 0.017450	-1.551819E-04
 0.012442	-1.504211E-04
 0.007455	-1.459351E-04
 0.002435	-1.419067E-04
 -0.002567	-1.380920E-04
 -0.007571	-1.345825E-04
 -0.012573	-1.311951E-04
 -0.017578	-1.281433E-04
 -0.022583	-1.252747E-04
 -0.027591	-1.225891E-04
 -0.032590	-1.200562E-04
 -0.037598	-1.176758E-04
 -0.042599	-1.154480E-04
 -0.047604	-1.133423E-04
 -0.052551	-1.113586E-04
 -0.057556	-1.094971E-04
 -0.062561	-1.077271E-04
 -0.067566	-1.060486E-04
 -0.072571	-1.044617E-04
 -0.077576	-1.029968E-04
 -0.082581	-1.015625E-04
 -0.087585	-1.001892E-04
 -0.092590	-9.890747E-05
 -0.097595	-9.768677E-05
 -0.102570	-9.649658E-05
 -0.107574	-9.539795E-05
 -0.112579	-9.432983E-05
 -0.117584	-9.332275E-05
 -0.122589	-9.231567E-05
 -0.127594	-9.140015E-05
 -0.132599	-9.051514E-05
 -0.137604	-8.963013E-05
 -0.142609	-8.880615E-05
 -0.147614	-8.801270E-05
 -0.152588	-8.728027E-05
 -0.157593	-8.651733E-05
 -0.162598	-8.581543E-05
 -0.167603	-8.511353E-05
 -0.172607	-8.447266E-05
 -0.177612	-8.383179E-05
 -0.182617	-8.325195E-05
 -0.187622	-8.267212E-05
 -0.192627	-8.209229E-05
 -0.197632	-8.157349E-05
 -0.202637	-8.105469E-05
 -0.207642	-8.056641E-05
 -0.212616	-8.010864E-05
 -0.217621	-7.965088E-05
 -0.222626	-7.919312E-05
 -0.227631	-7.876587E-05
 -0.232635	-7.836914E-05
 -0.237640	-7.797241E-05
 -0.242645	-7.757568E-05
 -0.247650	-7.717896E-05
 -0.252655	-7.690430E-05
 -0.257660	-7.650757E-05
 -0.262634	-7.620239E-05
 -0.267639	-7.589722E-05
 -0.272644	-7.562256E-05
 -0.277649	-7.534790E-05
 -0.282654	-7.507324E-05
 -0.287659	-7.482910E-05
 -0.292664	-7.458496E-05
 -0.297668	-7.440186E-05
 -0.295959	-4.559326E-05
 -0.290985	-3.404236E-05
 -0.285980	-3.250122E-05
 -0.281006	-3.170776E-05
 -0.276001	-3.117065E-05
 -0.271027	-3.066711E-05
 -0.266022	-3.022156E-05
 -0.261017	-2.983093E-05
 -0.256042	-2.947693E-05
 -0.251038	-2.913513E-05
 -0.246033	-2.881775E-05
 -0.241058	-2.851868E-05
 -0.236053	-2.823181E-05
 -0.231049	-2.798157E-05
 -0.226074	-2.771912E-05
 -0.221069	-2.747803E-05
 -0.216095	-2.719727E-05
 -0.211090	-2.701721E-05
 -0.206085	-2.677307E-05
 -0.201111	-2.657471E-05
 -0.196106	-2.635498E-05
 -0.191132	-2.616882E-05
 -0.186127	-2.599792E-05
 -0.181122	-2.579346E-05
 -0.176147	-2.560425E-05
 -0.171143	-2.543945E-05
 -0.166168	-2.525635E-05
 -0.161163	-2.510071E-05
 -0.156158	-2.498474E-05
 -0.151184	-2.480774E-05
 -0.146210	-2.466431E-05
 -0.141205	-2.450562E-05
 -0.136200	-2.437744E-05
 -0.131226	-2.420654E-05
 -0.126221	-2.407837E-05
 -0.121246	-2.393494E-05
 -0.116241	-2.380676E-05
 -0.111267	-2.366333E-05
 -0.106262	-2.352905E-05
 -0.101288	-2.340698E-05
 -0.096283	-2.328186E-05
 -0.091309	-2.313232E-05
 -0.086304	-2.303162E-05
 -0.081299	-2.287598E-05
 -0.076324	-2.271729E-05
 -0.071350	-2.255859E-05
 -0.066345	-2.243042E-05
 -0.061340	-2.226257E-05
 -0.056366	-2.209167E-05
 -0.051361	-2.191162E-05
 -0.046451	-2.172546E-05
 -0.041455	-2.150574E-05
 -0.036462	-2.129822E-05
 -0.031470	-2.103577E-05
 -0.026474	-2.076111E-05
 -0.021484	-2.042847E-05
 -0.016495	-2.009888E-05
 -0.011505	-1.973267E-05
 -0.006512	-1.929016E-05
 -0.001520	-1.886902E-05

 Potential	  Scan 4   
 0.003473	-1.828003E-05
 0.008466	-1.757202E-05
 0.013455	-1.693115E-05
 0.018448	-1.609802E-05
 0.023438	-1.517944E-05
 0.028433	-1.408691E-05
 0.033426	-1.283569E-05
 0.038412	-1.140747E-05
 0.043408	-9.722900E-06
 0.048398	-7.766724E-06
 0.053406	-5.514526E-06
 0.058411	-2.905273E-06
 0.063416	1.327515E-07
 0.068390	3.659363E-06
 0.073395	7.711792E-06
 0.078369	1.234436E-05
 0.083374	1.760254E-05
 0.088348	2.360840E-05
 0.093353	3.024292E-05
 0.098328	3.772583E-05
 0.103333	4.597168E-05
 0.108307	5.499268E-05
 0.113312	6.475830E-05
 0.118286	7.531738E-05
 0.123291	8.654785E-05
 0.128265	9.848022E-05
 0.133270	1.109924E-04
 0.138245	1.239624E-04
 0.143250	1.373596E-04
 0.148224	1.510315E-04
 0.153229	1.648254E-04
 0.158203	1.786804E-04
 0.163208	1.923218E-04
 0.168182	2.057190E-04
 0.173187	2.186279E-04
 0.178162	2.308960E-04
 0.183167	2.423096E-04
 0.188141	2.527466E-04
 0.193146	2.619629E-04
 0.198120	2.698059E-04
 0.203125	2.760620E-04
 0.208130	2.805176E-04
 0.213104	2.832031E-04
 0.218109	2.839661E-04
 0.223083	2.828369E-04
 0.228058	2.799072E-04
 0.233063	2.752991E-04
 0.238037	2.693787E-04
 0.243042	2.623291E-04
 0.248016	2.545471E-04
 0.253021	2.464294E-04
 0.258026	2.380371E-04
 0.263000	2.297974E-04
 0.267975	2.218018E-04
 0.272980	2.141724E-04
 0.277954	2.069702E-04
 0.282959	2.001953E-04
 0.287964	1.938477E-04
 0.292938	1.879272E-04
 0.297913	1.824341E-04
 0.302917	1.772766E-04
 0.307892	1.725159E-04
 0.312897	1.680603E-04
 0.317902	1.638794E-04
 0.322876	1.599426E-04
 0.327881	1.563110E-04
 0.332855	1.528625E-04
 0.337830	1.495972E-04
 0.342834	1.465149E-04
 0.347839	1.436157E-04
 0.352814	1.408386E-04
 0.357788	1.382141E-04
 0.362793	1.357117E-04
 0.367767	1.333313E-04
 0.372772	1.310425E-04
 0.377747	1.288757E-04
 0.382751	1.267395E-04
 0.387756	1.247559E-04
 0.392731	1.228027E-04
 0.397705	1.209717E-04
 0.402710	1.191406E-04
 0.407684	1.174011E-04
 0.412689	1.157532E-04
 0.417664	1.141357E-04
 0.422668	1.124878E-04
 0.427643	1.109619E-04
 0.432648	1.094360E-04
 0.437622	1.079712E-04
 0.442627	1.065369E-04
 0.447601	1.051025E-04
 0.452606	1.037292E-04
 0.457581	1.023865E-04
 0.462585	1.010437E-04
 0.467560	9.973145E-05
 0.472565	9.848022E-05
 0.477539	9.719849E-05
 0.482544	9.594727E-05
 0.487518	9.475708E-05
 0.492523	9.356689E-05
 0.497498	9.240723E-05
 0.498749	8.593750E-05
 0.493713	7.650757E-05
 0.488739	7.254028E-05
 0.483734	6.970215E-05
 0.478699	6.738281E-05
 0.473724	6.536865E-05
 0.468689	6.356812E-05
 0.463684	6.188965E-05
 0.458710	6.036377E-05
 0.453674	5.889893E-05
 0.448669	5.752563E-05
 0.443665	5.615234E-05
 0.438660	5.487061E-05
 0.433655	5.358887E-05
 0.428650	5.236816E-05
 0.423645	5.114746E-05
 0.418640	4.992676E-05
 0.413635	4.881592E-05
 0.408630	4.764099E-05
 0.403625	4.649353E-05
 0.398621	4.531555E-05
 0.393616	4.418030E-05
 0.388611	4.302368E-05
 0.383606	4.188843E-05
 0.378601	4.072266E-05
 0.373596	3.954773E-05
 0.368591	3.839111E-05
 0.363586	3.722839E-05
 0.358582	3.602905E-05
 0.353577	3.481445E-05
 0.348602	3.359985E-05
 0.343567	3.237000E-05
 0.338562	3.111572E-05
 0.333557	2.981567E-05
 0.328552	2.850342E-05
 0.323578	2.716675E-05
 0.318573	2.575378E-05
 0.313568	2.434692E-05
 0.308533	2.286682E-05
 0.303558	2.133789E-05
 0.298523	1.970825E-05
 0.293549	1.800842E-05
 0.288544	1.616821E-05
 0.283539	1.425476E-05
 0.278534	1.219177E-05
 0.273529	9.963989E-06
 0.268524	7.556152E-06
 0.263519	4.925537E-06
 0.258514	2.072754E-06
 0.253510	-1.076355E-06
 0.248505	-4.550171E-06
 0.243500	-8.349609E-06
 0.238495	-1.259155E-05
 0.233490	-1.727600E-05
 0.228485	-2.250061E-05
 0.223480	-2.818298E-05
 0.218475	-3.450012E-05
 0.213501	-4.140930E-05
 0.208496	-4.895020E-05
 0.203491	-5.715942E-05
 0.198486	-6.600952E-05
 0.193481	-7.553101E-05
 0.188477	-8.569336E-05
 0.183472	-9.640503E-05
 0.178467	-1.076660E-04
 0.173462	-1.193542E-04
 0.168457	-1.314087E-04
 0.163452	-1.437683E-04
 0.158447	-1.562500E-04
 0.153442	-1.687622E-04
 0.148438	-1.811523E-04
 0.143433	-1.932068E-04
 0.138428	-2.048340E-04
 0.133423	-2.157593E-04
 0.128418	-2.259216E-04
 0.123444	-2.350159E-04
 0.118408	-2.428589E-04
 0.113434	-2.493896E-04
 0.108429	-2.542114E-04
 0.103424	-2.572937E-04
 0.098419	-2.586365E-04
 0.093414	-2.579346E-04
 0.088409	-2.551880E-04
 0.083405	-2.506714E-04
 0.078400	-2.444153E-04
 0.073395	-2.369995E-04
 0.068420	-2.288818E-04
 0.063416	-2.203369E-04
 0.058380	-2.117920E-04
 0.053375	-2.033691E-04
 0.048370	-1.953430E-04
 0.043362	-1.877136E-04
 0.038364	-1.806030E-04
 0.033356	-1.739807E-04
 0.028354	-1.678772E-04
 0.023346	-1.621704E-04
 0.018347	-1.569519E-04
 0.013339	-1.520996E-04
 0.008344	-1.476135E-04
 0.003336	-1.435242E-04
 -0.001672	-1.396179E-04
 -0.006674	-1.360474E-04
 -0.011679	-1.326294E-04
 -0.016684	-1.294861E-04
 -0.021689	-1.266174E-04
 -0.026691	-1.239014E-04
 -0.031696	-1.213074E-04
 -0.036700	-1.189270E-04
 -0.041705	-1.166382E-04
 -0.046707	-1.145325E-04
 -0.051666	-1.125183E-04
 -0.056671	-1.106262E-04
 -0.061646	-1.088562E-04
 -0.066681	-1.071472E-04
 -0.071655	-1.055603E-04
 -0.076660	-1.040344E-04
 -0.081665	-1.026001E-04
 -0.086670	-1.011963E-04
 -0.091675	-9.991455E-05
 -0.096680	-9.866333E-05
 -0.101685	-9.747314E-05
 -0.106689	-9.637451E-05
 -0.111694	-9.530640E-05
 -0.116699	-9.423828E-05
 -0.121704	-9.326172E-05
 -0.126709	-9.231567E-05
 -0.131714	-9.143066E-05
 -0.136688	-9.054565E-05
 -0.141693	-8.972168E-05
 -0.146698	-8.892822E-05
 -0.151703	-8.813477E-05
 -0.156708	-8.743286E-05
 -0.161713	-8.673096E-05
 -0.166718	-8.599854E-05
 -0.171722	-8.535767E-05
 -0.176727	-8.468628E-05
 -0.181702	-8.410645E-05
 -0.186707	-8.349609E-05
 -0.191742	-8.294678E-05
 -0.196716	-8.242798E-05
 -0.201721	-8.187866E-05
 -0.206726	-8.135986E-05
 -0.211731	-8.090210E-05
 -0.216736	-8.044434E-05
 -0.221741	-7.998657E-05
 -0.226746	-7.955933E-05
 -0.231750	-7.916260E-05
 -0.236755	-7.876587E-05
 -0.241730	-7.836914E-05
 -0.246735	-7.800293E-05
 -0.251740	-7.763672E-05
 -0.256744	-7.733154E-05
 -0.261749	-7.702637E-05
 -0.266754	-7.666016E-05
 -0.271759	-7.641602E-05
 -0.276764	-7.611084E-05
 -0.281769	-7.580566E-05
 -0.286774	-7.556152E-05
 -0.291779	-7.531738E-05
 -0.296783	-7.510376E-05
 -0.296021	-5.004883E-05
 -0.291016	-3.507690E-05
 -0.286041	-3.332520E-05
 -0.281036	-3.253479E-05
 -0.276062	-3.194580E-05
 -0.271057	-3.144836E-05
 -0.266052	-3.102417E-05
 -0.261078	-3.061829E-05
 -0.256073	-3.023071E-05
 -0.251068	-2.990417E-05
 -0.246094	-2.958069E-05
 -0.241089	-2.927856E-05
 -0.236084	-2.898254E-05
 -0.231110	-2.872925E-05
 -0.226105	-2.847900E-05
 -0.221130	-2.821655E-05
 -0.216125	-2.798462E-05
 -0.211151	-2.774658E-05
 -0.206146	-2.752991E-05
 -0.201172	-2.728271E-05
 -0.196167	-2.710266E-05
 -0.191193	-2.690430E-05
 -0.186188	-2.670898E-05
 -0.181183	-2.652283E-05
 -0.176178	-2.633972E-05
 -0.171204	-2.617493E-05
 -0.166199	-2.599487E-05
 -0.161224	-2.582703E-05
 -0.156219	-2.565918E-05
 -0.151245	-2.546082E-05
 -0.146240	-2.533569E-05
 -0.141235	-2.520142E-05
 -0.136261	-2.505493E-05
 -0.131287	-2.491150E-05
 -0.126282	-2.478943E-05
 -0.121277	-2.463379E-05
 -0.116302	-2.451782E-05
 -0.111298	-2.435913E-05
 -0.106323	-2.424011E-05
 -0.101318	-2.409973E-05
 -0.096344	-2.395630E-05
 -0.091339	-2.382202E-05
 -0.086365	-2.368164E-05
 -0.081360	-2.355042E-05
 -0.076385	-2.340393E-05
 -0.071381	-2.326965E-05
 -0.066406	-2.308350E-05
 -0.061401	-2.293091E-05
 -0.056396	-2.276306E-05
 -0.051422	-2.257690E-05
 -0.046487	-2.236938E-05
 -0.041504	-2.216797E-05
 -0.036508	-2.192993E-05
 -0.031519	-2.168884E-05
 -0.026523	-2.140503E-05
 -0.021533	-2.108765E-05
 -0.016537	-2.074890E-05
 -0.011542	-2.033081E-05
 -0.006552	-1.992798E-05
 -0.001559	-1.948547E-05

 Potential	  Scan 5   
 0.003436	-1.888733E-05
 0.008432	-1.821289E-05
 0.013419	-1.755371E-05
 0.018402	-1.675415E-05
 0.023401	-1.579590E-05
 0.028397	-1.467896E-05
 0.033389	-1.346436E-05
 0.038379	-1.200256E-05
 0.043372	-1.033630E-05
 0.048364	-8.358765E-06
 0.053375	-6.121826E-06
 0.058380	-3.475647E-06
 0.063385	-4.159546E-07
 0.068359	3.106079E-06
 0.073364	7.177734E-06
 0.078339	1.182251E-05
 0.083344	1.709900E-05
 0.088318	2.310181E-05
 0.093323	2.978516E-05
 0.098297	3.726501E-05
 0.103302	4.552917E-05
 0.108276	5.450439E-05
 0.113281	6.430054E-05
 0.118256	7.489014E-05
 0.123260	8.621216E-05
 0.128235	9.811401E-05
 0.133240	1.106262E-04
 0.138214	1.236267E-04
 0.143219	1.369934E-04
 0.148193	1.506653E-04
 0.153198	1.644897E-04
 0.158173	1.783142E-04
 0.163177	1.919556E-04
 0.168152	2.053528E-04
 0.173157	2.182007E-04
 0.178131	2.304077E-04
 0.183105	2.418213E-04
 0.188110	2.522278E-04
 0.193115	2.614136E-04
 0.198090	2.692261E-04
 0.203094	2.753906E-04
 0.208069	2.798462E-04
 0.213074	2.824707E-04
 0.218048	2.832031E-04
 0.223053	2.820740E-04
 0.228027	2.790833E-04
 0.233032	2.745361E-04
 0.238007	2.685547E-04
 0.243011	2.614746E-04
 0.248016	2.536926E-04
 0.252991	2.455444E-04
 0.257996	2.371521E-04
 0.262970	2.289429E-04
 0.267944	2.209167E-04
 0.272949	2.133179E-04
 0.277924	2.061157E-04
 0.282928	1.993408E-04
 0.287903	1.929932E-04
 0.292908	1.870728E-04
 0.297882	1.816101E-04
 0.302887	1.764832E-04
 0.307861	1.716919E-04
 0.312866	1.672363E-04
 0.317871	1.630554E-04
 0.322845	1.591797E-04
 0.327850	1.554871E-04
 0.332825	1.520691E-04
 0.337799	1.488037E-04
 0.342804	1.457214E-04
 0.347778	1.428223E-04
 0.352783	1.400757E-04
 0.357758	1.374207E-04
 0.362762	1.349487E-04
 0.367737	1.325684E-04
 0.372742	1.302490E-04
 0.377716	1.280823E-04
 0.382721	1.259766E-04
 0.387695	1.239929E-04
 0.392700	1.220703E-04
 0.397675	1.202087E-04
 0.402679	1.183777E-04
 0.407654	1.166382E-04
 0.412659	1.149597E-04
 0.417633	1.133118E-04
 0.422638	1.117249E-04
 0.427612	1.101685E-04
 0.432617	1.086731E-04
 0.437592	1.072388E-04
 0.442596	1.057739E-04
 0.447571	1.043701E-04
 0.452576	1.029968E-04
 0.457550	1.016235E-04
 0.462555	1.002808E-04
 0.467529	9.899902E-05
 0.472534	9.771729E-05
 0.477509	9.643555E-05
 0.482513	9.521484E-05
 0.487488	9.402466E-05
 0.492493	9.283447E-05
 0.497467	9.167480E-05
 0.498718	8.520508E-05
 0.493713	7.583618E-05
 0.488708	7.189941E-05
 0.483704	6.906128E-05
 0.478668	6.674194E-05
 0.473663	6.475830E-05
 0.468658	6.295776E-05
 0.463654	6.130981E-05
 0.458649	5.978394E-05
 0.453644	5.831909E-05
 0.448639	5.691528E-05
 0.443634	5.557251E-05
 0.438629	5.429077E-05
 0.433624	5.303955E-05
 0.428619	5.178833E-05
 0.423615	5.056763E-05
 0.418610	4.944763E-05
 0.413605	4.828186E-05
 0.408600	4.708862E-05
 0.403595	4.594421E-05
 0.398590	4.479980E-05
 0.393585	4.365540E-05
 0.388580	4.250488E-05
 0.383575	4.135742E-05
 0.378571	4.020691E-05
 0.373566	3.904724E-05
 0.368561	3.788147E-05
 0.363556	3.671265E-05
 0.358551	3.551331E-05
 0.353546	3.432312E-05
 0.348541	3.308411E-05
 0.343536	3.186340E-05
 0.338531	3.059387E-05
 0.333527	2.933044E-05
 0.328522	2.801514E-05
 0.323517	2.670288E-05
 0.318512	2.528381E-05
 0.313507	2.387695E-05
 0.308502	2.239075E-05
 0.303497	2.083740E-05
 0.298492	1.922302E-05
 0.293488	1.752930E-05
 0.288513	1.571045E-05
 0.283478	1.381226E-05
 0.278503	1.173401E-05
 0.273468	9.512329E-06
 0.268463	7.101440E-06
 0.263489	4.483032E-06
 0.258453	1.631470E-06
 0.253479	-1.502380E-06
 0.248474	-4.949951E-06
 0.243439	-8.786011E-06
 0.238464	-1.300659E-05
 0.233459	-1.768799E-05
 0.228455	-2.286377E-05
 0.223450	-2.857056E-05
 0.218445	-3.485718E-05
 0.213440	-4.175110E-05
 0.208435	-4.928589E-05
 0.203430	-5.752563E-05
 0.198425	-6.634521E-05
 0.193420	-7.583618E-05
 0.188416	-8.599854E-05
 0.183411	-9.664917E-05
 0.178406	-1.079407E-04
 0.173401	-1.196289E-04
 0.168396	-1.316833E-04
 0.163391	-1.440125E-04
 0.158386	-1.564941E-04
 0.153412	-1.689758E-04
 0.148407	-1.813354E-04
 0.143402	-1.934204E-04
 0.138397	-2.050171E-04
 0.133392	-2.160034E-04
 0.128387	-2.260742E-04
 0.123383	-2.351990E-04
 0.118378	-2.430725E-04
 0.113373	-2.495422E-04
 0.108368	-2.544250E-04
 0.103363	-2.575684E-04
 0.098389	-2.588806E-04
 0.093384	-2.582092E-04
 0.088379	-2.555237E-04
 0.083374	-2.509460E-04
 0.078369	-2.447510E-04
 0.073364	-2.373657E-04
 0.068359	-2.292480E-04
 0.063354	-2.207031E-04
 0.058350	-2.121582E-04
 0.053345	-2.037354E-04
 0.048328	-1.956482E-04
 0.043323	-1.880798E-04
 0.038318	-1.809998E-04
 0.033316	-1.743469E-04
 0.028314	-1.682434E-04
 0.023303	-1.625671E-04
 0.018301	-1.573181E-04
 0.013297	-1.524658E-04
 0.008304	-1.479797E-04
 0.003293	-1.438904E-04
 -0.001712	-1.399536E-04
 -0.006717	-1.364441E-04
 -0.011719	-1.330566E-04
 -0.016724	-1.298828E-04
 -0.021729	-1.269836E-04
 -0.026733	-1.242371E-04
 -0.031735	-1.216736E-04
 -0.036737	-1.192932E-04
 -0.041742	-1.170349E-04
 -0.046747	-1.148987E-04
 -0.051697	-1.129150E-04
 -0.056702	-1.109924E-04
 -0.061707	-1.092224E-04
 -0.066711	-1.075134E-04
 -0.071716	-1.059570E-04
 -0.076721	-1.044006E-04
 -0.081726	-1.029663E-04
 -0.086700	-1.016235E-04
 -0.091705	-1.002808E-04
 -0.096710	-9.902954E-05
 -0.101715	-9.783936E-05
 -0.106720	-9.671021E-05
 -0.111725	-9.561157E-05
 -0.116730	-9.460449E-05
 -0.121735	-9.362793E-05
 -0.126740	-9.268188E-05
 -0.131744	-9.179688E-05
 -0.136749	-9.091187E-05
 -0.141754	-9.008789E-05
 -0.146759	-8.926392E-05
 -0.151733	-8.853149E-05
 -0.156738	-8.776855E-05
 -0.161743	-8.703613E-05
 -0.166748	-8.636475E-05
 -0.171753	-8.569336E-05
 -0.176758	-8.505249E-05
 -0.181763	-8.444214E-05
 -0.186768	-8.383179E-05
 -0.191772	-8.331299E-05
 -0.196777	-8.273315E-05
 -0.201782	-8.227539E-05
 -0.206787	-8.172607E-05
 -0.211761	-8.123779E-05
 -0.216797	-8.078003E-05
 -0.221771	-8.035278E-05
 -0.226776	-7.989502E-05
 -0.231781	-7.949829E-05
 -0.236786	-7.907104E-05
 -0.241791	-7.873535E-05
 -0.246796	-7.836914E-05
 -0.251801	-7.803345E-05
 -0.256805	-7.766724E-05
 -0.261810	-7.733154E-05
 -0.266785	-7.699585E-05
 -0.271790	-7.669067E-05
 -0.276794	-7.644653E-05
 -0.281799	-7.617188E-05
 -0.286804	-7.592773E-05
 -0.291809	-7.568359E-05
 -0.296814	-7.543945E-05
 -0.296356	-5.172729E-05
 -0.291351	-3.549500E-05
 -0.286377	-3.369751E-05
 -0.281372	-3.287964E-05
 -0.276367	-3.231201E-05
 -0.271393	-3.178101E-05
 -0.266388	-3.134766E-05
 -0.261383	-3.094788E-05
 -0.256409	-3.057251E-05
 -0.251404	-3.023071E-05
 -0.246399	-2.995911E-05
 -0.241425	-2.961426E-05
 -0.236420	-2.934570E-05
 -0.231445	-2.907410E-05
 -0.226440	-2.879028E-05
 -0.221436	-2.853699E-05
 -0.216461	-2.829285E-05
 -0.211456	-2.807617E-05
 -0.206482	-2.786865E-05
 -0.201477	-2.763977E-05
 -0.196503	-2.742004E-05
 -0.191498	-2.723694E-05
 -0.186493	-2.702332E-05
 -0.181519	-2.682800E-05
 -0.176514	-2.665710E-05
 -0.171539	-2.647400E-05
 -0.166534	-2.632751E-05
 -0.161560	-2.614746E-05
 -0.156555	-2.598572E-05
 -0.151550	-2.580261E-05
 -0.146576	-2.565308E-05
 -0.141571	-2.550354E-05
 -0.136597	-2.535706E-05
 -0.131592	-2.520752E-05
 -0.126617	-2.509460E-05
 -0.121613	-2.496338E-05
 -0.116638	-2.483215E-05
 -0.111633	-2.468262E-05
 -0.106659	-2.453308E-05
 -0.101654	-2.439270E-05
 -0.096680	-2.427063E-05
 -0.091675	-2.415161E-05
 -0.086700	-2.399292E-05
 -0.081696	-2.386475E-05
 -0.076721	-2.373047E-05
 -0.071716	-2.356567E-05
 -0.066711	-2.342224E-05
 -0.061737	-2.325134E-05
 -0.056732	-2.309265E-05
 -0.051758	-2.289429E-05
 -0.046829	-2.269287E-05
 -0.041837	-2.247925E-05
 -0.036841	-2.223816E-05
 -0.031848	-2.197571E-05
 -0.026855	-2.172546E-05
 -0.021869	-2.142029E-05
 -0.016873	-2.108459E-05
 -0.011884	-2.066650E-05
 -0.006885	-2.024536E-05
 -0.001895	-1.980591E-05
