Date: 15-08-25
Time: 14:29:28 PM

Exp. Conditions:
Cyclic voltammetry
Start potential (V) = .0000
First vertex potential (V) = .5000
Second vertex potential (V) = -.3000
Step potential (V) = .00500
Scan rate (V/s) = .09998
Equilibration time (s) = 
Number of Data Points =  319 

 Potential	  Scan 1   
 0.002121	-9.887695E-06
 0.009604	-7.928467E-06
 0.014584	-7.504272E-06
 0.019562	-7.116699E-06
 0.024539	-6.668091E-06
 0.029517	-6.207275E-06
 0.034494	-5.645752E-06
 0.039474	-4.992676E-06
 0.044449	-4.253540E-06
 0.049408	-3.356934E-06
 0.054413	-2.314758E-06
 0.059387	-1.105347E-06
 0.064362	3.247070E-07
 0.069366	2.119446E-06
 0.074341	4.093933E-06
 0.079285	6.396484E-06
 0.084290	9.075928E-06
 0.089264	1.217651E-05
 0.094238	1.571960E-05
 0.099213	1.977234E-05
 0.104187	2.437744E-05
 0.109161	2.948608E-05
 0.114136	3.517761E-05
 0.119110	4.130554E-05
 0.124084	4.812317E-05
 0.129059	5.538940E-05
 0.134033	6.317139E-05
 0.139008	7.135010E-05
 0.143982	7.983398E-05
 0.148956	8.856201E-05
 0.153931	9.732056E-05
 0.158905	1.060791E-04
 0.163879	1.146240E-04
 0.168854	1.228638E-04
 0.173828	1.305847E-04
 0.178802	1.376648E-04
 0.183777	1.438904E-04
 0.188751	1.492310E-04
 0.193726	1.534729E-04
 0.198700	1.564636E-04
 0.203674	1.582642E-04
 0.208649	1.587830E-04
 0.213623	1.581421E-04
 0.218597	1.563416E-04
 0.223572	1.536255E-04
 0.228546	1.501465E-04
 0.233521	1.460876E-04
 0.238495	1.416626E-04
 0.243469	1.370544E-04
 0.248444	1.324158E-04
 0.253418	1.278381E-04
 0.258392	1.233826E-04
 0.263367	1.191406E-04
 0.268341	1.151123E-04
 0.273315	1.113281E-04
 0.278290	1.077881E-04
 0.283264	1.044617E-04
 0.288239	1.013794E-04
 0.293213	9.848022E-05
 0.298157	9.579468E-05
 0.303162	9.326172E-05
 0.308105	9.091187E-05
 0.313110	8.871460E-05
 0.318085	8.663940E-05
 0.323059	8.468628E-05
 0.328033	8.285522E-05
 0.333008	8.111572E-05
 0.337952	7.946777E-05
 0.342957	7.794189E-05
 0.347900	7.647705E-05
 0.352875	7.507324E-05
 0.357849	7.373047E-05
 0.362823	7.247925E-05
 0.367798	7.122803E-05
 0.372772	7.006836E-05
 0.377747	6.896973E-05
 0.382721	6.790161E-05
 0.387695	6.683350E-05
 0.392670	6.582642E-05
 0.397644	6.488037E-05
 0.402618	6.393433E-05
 0.407593	6.301880E-05
 0.412567	6.213379E-05
 0.417542	6.127930E-05
 0.422516	6.042480E-05
 0.427490	5.963135E-05
 0.432465	5.883789E-05
 0.437439	5.804443E-05
 0.442413	5.728149E-05
 0.447388	5.651855E-05
 0.452362	5.581665E-05
 0.457336	5.508423E-05
 0.462311	5.438232E-05
 0.467285	5.368042E-05
 0.472229	5.300903E-05
 0.477203	5.233765E-05
 0.482178	5.166626E-05
 0.487152	5.105591E-05
 0.492126	5.041504E-05
 0.497101	4.977417E-05
 0.498352	4.650269E-05
 0.493317	4.248657E-05
 0.488312	4.079895E-05
 0.483307	3.955994E-05
 0.478271	3.852844E-05
 0.473267	3.761292E-05
 0.468231	3.677673E-05
 0.463226	3.600464E-05
 0.458221	3.527527E-05
 0.453217	3.457336E-05
 0.448181	3.390808E-05
 0.443176	3.325195E-05
 0.438171	3.262634E-05
 0.433136	3.200684E-05
 0.428131	3.141174E-05
 0.423096	3.082886E-05
 0.418091	3.024902E-05
 0.413086	2.967834E-05
 0.408051	2.911072E-05
 0.403046	2.855225E-05
 0.398041	2.799377E-05
 0.393036	2.745056E-05
 0.388031	2.689819E-05
 0.382996	2.635193E-05
 0.377991	2.580261E-05
 0.372986	2.524719E-05
 0.367950	2.471313E-05
 0.362946	2.415161E-05
 0.357941	2.359924E-05
 0.352905	2.303162E-05
 0.347900	2.246704E-05
 0.342896	2.189331E-05
 0.337891	2.130127E-05
 0.332886	2.070313E-05
 0.327850	2.008362E-05
 0.322845	1.944580E-05
 0.317841	1.879272E-05
 0.312836	1.810303E-05
 0.307800	1.737366E-05
 0.302795	1.661682E-05
 0.297760	1.579590E-05
 0.292755	1.492615E-05
 0.287750	1.398315E-05
 0.282745	1.295166E-05
 0.277740	1.182556E-05
 0.272705	1.058044E-05
 0.267700	9.204102E-06
 0.262695	7.641602E-06
 0.257690	5.914307E-06
 0.252655	3.963318E-06
 0.247650	1.738892E-06
 0.242645	-7.376099E-07
 0.237610	-3.564453E-06
 0.232605	-6.735229E-06
 0.227600	-1.033325E-05
 0.222595	-1.435852E-05
 0.217590	-1.884766E-05
 0.212555	-2.382202E-05
 0.207550	-2.929688E-05
 0.202545	-3.528137E-05
 0.197540	-4.178467E-05
 0.192535	-4.873047E-05
 0.187500	-5.612183E-05
 0.182495	-6.384277E-05
 0.177490	-7.186890E-05
 0.172455	-8.004761E-05
 0.167450	-8.834839E-05
 0.162445	-9.652710E-05
 0.157440	-1.045227E-04
 0.152435	-1.121826E-04
 0.147430	-1.193237E-04
 0.142395	-1.257324E-04
 0.137390	-1.313171E-04
 0.132385	-1.359558E-04
 0.127380	-1.394653E-04
 0.122345	-1.417847E-04
 0.117340	-1.428223E-04
 0.112335	-1.425781E-04
 0.107330	-1.410828E-04
 0.102325	-1.384888E-04
 0.097321	-1.350098E-04
 0.092316	-1.309204E-04
 0.087280	-1.264343E-04
 0.082275	-1.217651E-04
 0.077271	-1.170349E-04
 0.072266	-1.123962E-04
 0.067261	-1.079102E-04
 0.062225	-1.036072E-04
 0.057220	-9.954834E-05
 0.052216	-9.579468E-05
 0.047189	-9.228516E-05
 0.042178	-8.898926E-05
 0.037167	-8.593750E-05
 0.032153	-8.309937E-05
 0.027139	-8.050537E-05
 0.022125	-7.806396E-05
 0.017117	-7.577515E-05
 0.012100	-7.366943E-05
 0.007104	-7.165527E-05
 0.002072	-6.985474E-05
 -0.002933	-6.811523E-05
 -0.007950	-6.652832E-05
 -0.012961	-6.500244E-05
 -0.017975	-6.359863E-05
 -0.022986	-6.222534E-05
 -0.028000	-6.097412E-05
 -0.033011	-5.981445E-05
 -0.038025	-5.868530E-05
 -0.043033	-5.761719E-05
 -0.048047	-5.661011E-05
 -0.053009	-5.566406E-05
 -0.058014	-5.474854E-05
 -0.063019	-5.389404E-05
 -0.068054	-5.307007E-05
 -0.073059	-5.230713E-05
 -0.078064	-5.154419E-05
 -0.083069	-5.084229E-05
 -0.088074	-5.017090E-05
 -0.093079	-4.949646E-05
 -0.098083	-4.887695E-05
 -0.103088	-4.828796E-05
 -0.108124	-4.771423E-05
 -0.113129	-4.716187E-05
 -0.118134	-4.663696E-05
 -0.123138	-4.612732E-05
 -0.128143	-4.563599E-05
 -0.133179	-4.517822E-05
 -0.138184	-4.472351E-05
 -0.143188	-4.428406E-05
 -0.148193	-4.386597E-05
 -0.153198	-4.345703E-05
 -0.158203	-4.307251E-05
 -0.163239	-4.267578E-05
 -0.168213	-4.231873E-05
 -0.173248	-4.197083E-05
 -0.178253	-4.162292E-05
 -0.183258	-4.129639E-05
 -0.188263	-4.096680E-05
 -0.193268	-4.067383E-05
 -0.198273	-4.036255E-05
 -0.203308	-4.008789E-05
 -0.208313	-3.980408E-05
 -0.213318	-3.953857E-05
 -0.218323	-3.928833E-05
 -0.223328	-3.903809E-05
 -0.228333	-3.878479E-05
 -0.233337	-3.854675E-05
 -0.238373	-3.833008E-05
 -0.243347	-3.809204E-05
 -0.248383	-3.789368E-05
 -0.253387	-3.770447E-05
 -0.258392	-3.751526E-05
 -0.263428	-3.732910E-05
 -0.268402	-3.716125E-05
 -0.273438	-3.698120E-05
 -0.278442	-3.681641E-05
 -0.283447	-3.667297E-05
 -0.288452	-3.653870E-05
 -0.293457	-3.639526E-05
 -0.297607	-3.627625E-05
 -0.292664	-2.232666E-05
 -0.287689	-2.178955E-05
 -0.282715	-2.142029E-05
 -0.277740	-2.111816E-05
 -0.272766	-2.084656E-05
 -0.267761	-2.060547E-05
 -0.262787	-2.037354E-05
 -0.257813	-2.016296E-05
 -0.252838	-1.996460E-05
 -0.247864	-1.977844E-05
 -0.242889	-1.960754E-05
 -0.237915	-1.941833E-05
 -0.232941	-1.924438E-05
 -0.227936	-1.909485E-05
 -0.222961	-1.894836E-05
 -0.217987	-1.878967E-05
 -0.213013	-1.864929E-05
 -0.208038	-1.850586E-05
 -0.203064	-1.837158E-05
 -0.198090	-1.824341E-05
 -0.193115	-1.811523E-05
 -0.188141	-1.798096E-05
 -0.183167	-1.785889E-05
 -0.178192	-1.773071E-05
 -0.173218	-1.763306E-05
 -0.168243	-1.751099E-05
 -0.163269	-1.740723E-05
 -0.158264	-1.729736E-05
 -0.153320	-1.719360E-05
 -0.148315	-1.709290E-05
 -0.143341	-1.698608E-05
 -0.138367	-1.687927E-05
 -0.133392	-1.679382E-05
 -0.128418	-1.669617E-05
 -0.123444	-1.658936E-05
 -0.118469	-1.650391E-05
 -0.113495	-1.641846E-05
 -0.108521	-1.632385E-05
 -0.103546	-1.623840E-05
 -0.098572	-1.613770E-05
 -0.093597	-1.604614E-05
 -0.088623	-1.596375E-05
 -0.083649	-1.587524E-05
 -0.078644	-1.579895E-05
 -0.073669	-1.570129E-05
 -0.068726	-1.562195E-05
 -0.063721	-1.552124E-05
 -0.058746	-1.542053E-05
 -0.053772	-1.532593E-05
 -0.048859	-1.521301E-05
 -0.043884	-1.511230E-05
 -0.038904	-1.498718E-05
 -0.033926	-1.486511E-05
 -0.028949	-1.473083E-05
 -0.023972	-1.458130E-05
 -0.018994	-1.441650E-05
 -0.014020	-1.425171E-05
 -0.009042	-1.404419E-05
 -0.004053	-1.379700E-05

 Potential	  Scan 2   
 0.000912	-1.359863E-05
 0.005899	-1.333008E-05
 0.010864	-1.301270E-05
 0.015842	-1.265564E-05
 0.020819	-1.225281E-05
 0.025797	-1.180420E-05
 0.030774	-1.125793E-05
 0.035751	-1.062927E-05
 0.040729	-9.912109E-06
 0.045706	-9.082031E-06
 0.050690	-8.096313E-06
 0.055664	-6.924438E-06
 0.060638	-5.593872E-06
 0.065643	-4.034424E-06
 0.070618	-2.199402E-06
 0.075592	-3.845215E-08
 0.080566	2.434998E-06
 0.085541	5.316162E-06
 0.090515	8.624268E-06
 0.095490	1.240845E-05
 0.100464	1.669617E-05
 0.105438	2.152100E-05
 0.110413	2.688293E-05
 0.115387	3.283386E-05
 0.120361	3.932495E-05
 0.125336	4.638672E-05
 0.130310	5.386353E-05
 0.135284	6.185913E-05
 0.140259	7.022095E-05
 0.145233	7.879639E-05
 0.150208	8.758545E-05
 0.155182	9.637451E-05
 0.160156	1.051025E-04
 0.165131	1.135864E-04
 0.170105	1.216736E-04
 0.175079	1.291809E-04
 0.180054	1.359863E-04
 0.185028	1.418762E-04
 0.190002	1.467896E-04
 0.194977	1.506042E-04
 0.199951	1.531677E-04
 0.204926	1.544800E-04
 0.209900	1.545715E-04
 0.214874	1.535034E-04
 0.219849	1.513367E-04
 0.224823	1.483459E-04
 0.229797	1.446533E-04
 0.234772	1.404419E-04
 0.239746	1.359863E-04
 0.244720	1.313477E-04
 0.249695	1.267395E-04
 0.254700	1.222534E-04
 0.259644	1.178894E-04
 0.264618	1.137085E-04
 0.269592	1.098022E-04
 0.274567	1.061096E-04
 0.279541	1.026611E-04
 0.284515	9.942627E-05
 0.289490	9.640503E-05
 0.294464	9.359741E-05
 0.299438	9.097290E-05
 0.304413	8.853149E-05
 0.309387	8.624268E-05
 0.314362	8.407593E-05
 0.319366	8.206177E-05
 0.324310	8.013916E-05
 0.329285	7.836914E-05
 0.334259	7.666016E-05
 0.339233	7.507324E-05
 0.344208	7.354736E-05
 0.349182	7.211304E-05
 0.354156	7.070923E-05
 0.359131	6.942749E-05
 0.364105	6.817627E-05
 0.369080	6.698608E-05
 0.374054	6.582642E-05
 0.379028	6.475830E-05
 0.384003	6.369019E-05
 0.388977	6.268311E-05
 0.393951	6.170654E-05
 0.398926	6.076050E-05
 0.403900	5.984497E-05
 0.408875	5.899048E-05
 0.413849	5.813599E-05
 0.418823	5.728149E-05
 0.423798	5.648804E-05
 0.428772	5.569458E-05
 0.433746	5.496216E-05
 0.438721	5.419922E-05
 0.443726	5.346680E-05
 0.448669	5.276489E-05
 0.453644	5.206299E-05
 0.458618	5.139160E-05
 0.463593	5.072021E-05
 0.468567	5.007935E-05
 0.473541	4.947815E-05
 0.478516	4.885254E-05
 0.483490	4.824829E-05
 0.488464	4.765015E-05
 0.493439	4.706726E-05
 0.498413	4.650269E-05
 0.499878	4.327698E-05
 0.494629	3.939819E-05
 0.489594	3.780518E-05
 0.484589	3.663940E-05
 0.479584	3.566589E-05
 0.474579	3.480225E-05
 0.469543	3.402405E-05
 0.464539	3.328857E-05
 0.459534	3.260193E-05
 0.454498	3.194275E-05
 0.449493	3.131104E-05
 0.444489	3.070068E-05
 0.439453	3.010559E-05
 0.434448	2.950439E-05
 0.429443	2.894897E-05
 0.424408	2.839966E-05
 0.419403	2.785034E-05
 0.414398	2.730713E-05
 0.409393	2.677002E-05
 0.404388	2.624512E-05
 0.399353	2.571106E-05
 0.394348	2.518921E-05
 0.389343	2.467651E-05
 0.384338	2.414551E-05
 0.379303	2.362671E-05
 0.374298	2.310791E-05
 0.369293	2.257690E-05
 0.364288	2.204590E-05
 0.359283	2.152100E-05
 0.354248	2.097778E-05
 0.349243	2.043457E-05
 0.344238	1.988525E-05
 0.339233	1.931458E-05
 0.334198	1.873779E-05
 0.329193	1.816406E-05
 0.324188	1.753845E-05
 0.319183	1.690674E-05
 0.314178	1.625366E-05
 0.309143	1.556702E-05
 0.304138	1.483459E-05
 0.299133	1.405945E-05
 0.294128	1.322021E-05
 0.289093	1.232910E-05
 0.284088	1.135254E-05
 0.279083	1.027222E-05
 0.274078	9.082031E-06
 0.269073	7.778931E-06
 0.264069	6.295776E-06
 0.259033	4.663086E-06
 0.254028	2.787781E-06
 0.249023	6.857300E-07
 0.243988	-1.647644E-06
 0.238983	-4.349060E-06
 0.233978	-7.354736E-06
 0.228973	-1.076660E-05
 0.223969	-1.458740E-05
 0.218964	-1.888733E-05
 0.213928	-2.366028E-05
 0.208923	-2.891235E-05
 0.203918	-3.469543E-05
 0.198914	-4.096680E-05
 0.193909	-4.771118E-05
 0.188873	-5.493164E-05
 0.183868	-6.253052E-05
 0.178864	-7.040405E-05
 0.173859	-7.855225E-05
 0.168854	-8.673096E-05
 0.163818	-9.497070E-05
 0.158813	-1.030273E-04
 0.153809	-1.107788E-04
 0.148804	-1.180725E-04
 0.143799	-1.247559E-04
 0.138794	-1.305847E-04
 0.133759	-1.355896E-04
 0.128754	-1.394958E-04
 0.123749	-1.422119E-04
 0.118744	-1.437378E-04
 0.113739	-1.439209E-04
 0.108734	-1.428528E-04
 0.103699	-1.406555E-04
 0.098694	-1.374512E-04
 0.093689	-1.335754E-04
 0.088684	-1.291809E-04
 0.083679	-1.246033E-04
 0.078674	-1.199036E-04
 0.073669	-1.152039E-04
 0.068634	-1.106567E-04
 0.063629	-1.062927E-04
 0.058624	-1.021729E-04
 0.053619	-9.829712E-05
 0.048590	-9.469604E-05
 0.043579	-9.133911E-05
 0.038565	-8.822632E-05
 0.033554	-8.529663E-05
 0.028546	-8.261108E-05
 0.023532	-8.010864E-05
 0.018521	-7.778931E-05
 0.013513	-7.559204E-05
 0.008508	-7.357788E-05
 0.003491	-7.171631E-05
 -0.001517	-6.991577E-05
 -0.006528	-6.829834E-05
 -0.011542	-6.671143E-05
 -0.016553	-6.524658E-05
 -0.021564	-6.387329E-05
 -0.026572	-6.259155E-05
 -0.031583	-6.134033E-05
 -0.036591	-6.021118E-05
 -0.041605	-5.911255E-05
 -0.046613	-5.807495E-05
 -0.051575	-5.709839E-05
 -0.056580	-5.618286E-05
 -0.061584	-5.529785E-05
 -0.066620	-5.444336E-05
 -0.071625	-5.364990E-05
 -0.076630	-5.288696E-05
 -0.081635	-5.215454E-05
 -0.086639	-5.145264E-05
 -0.091644	-5.078125E-05
 -0.096649	-5.014038E-05
 -0.101654	-4.951782E-05
 -0.106659	-4.892273E-05
 -0.111664	-4.837036E-05
 -0.116699	-4.781799E-05
 -0.121704	-4.730530E-05
 -0.126709	-4.680786E-05
 -0.131714	-4.631958E-05
 -0.136719	-4.585266E-05
 -0.141724	-4.540405E-05
 -0.146729	-4.497070E-05
 -0.151733	-4.455566E-05
 -0.156738	-4.415283E-05
 -0.161743	-4.376526E-05
 -0.166748	-4.338684E-05
 -0.171783	-4.302368E-05
 -0.176788	-4.267273E-05
 -0.181793	-4.233093E-05
 -0.186798	-4.199524E-05
 -0.191803	-4.170227E-05
 -0.196808	-4.138489E-05
 -0.201813	-4.108887E-05
 -0.206818	-4.079895E-05
 -0.211823	-4.052734E-05
 -0.216827	-4.025879E-05
 -0.221832	-4.000244E-05
 -0.226837	-3.975525E-05
 -0.231873	-3.950806E-05
 -0.236847	-3.927307E-05
 -0.241882	-3.904419E-05
 -0.246887	-3.883057E-05
 -0.251892	-3.863220E-05
 -0.256897	-3.843689E-05
 -0.261902	-3.822632E-05
 -0.266907	-3.805237E-05
 -0.271912	-3.786621E-05
 -0.276917	-3.769836E-05
 -0.281921	-3.755798E-05
 -0.286926	-3.742065E-05
 -0.291931	-3.725891E-05
 -0.296936	-3.713989E-05
 -0.295807	-2.415771E-05
 -0.290833	-2.277527E-05
 -0.285858	-2.234802E-05
 -0.280853	-2.203979E-05
 -0.275879	-2.174072E-05
 -0.270905	-2.149353E-05
 -0.265900	-2.126770E-05
 -0.260925	-2.102661E-05
 -0.255951	-2.082520E-05
 -0.250977	-2.063599E-05
 -0.245972	-2.044373E-05
 -0.240997	-2.027588E-05
 -0.236023	-2.008667E-05
 -0.231049	-1.991272E-05
 -0.226074	-1.975403E-05
 -0.221100	-1.959839E-05
 -0.216125	-1.943665E-05
 -0.211121	-1.929321E-05
 -0.206146	-1.915588E-05
 -0.201172	-1.902466E-05
 -0.196198	-1.889038E-05
 -0.191223	-1.876526E-05
 -0.186249	-1.863708E-05
 -0.181244	-1.851196E-05
 -0.176270	-1.838684E-05
 -0.171295	-1.827087E-05
 -0.166321	-1.816711E-05
 -0.161346	-1.805420E-05
 -0.156372	-1.794128E-05
 -0.151367	-1.782227E-05
 -0.146423	-1.771851E-05
 -0.141418	-1.762085E-05
 -0.136444	-1.751404E-05
 -0.131470	-1.741028E-05
 -0.126495	-1.730652E-05
 -0.121521	-1.722412E-05
 -0.116547	-1.713257E-05
 -0.111542	-1.702576E-05
 -0.106567	-1.693726E-05
 -0.101593	-1.683960E-05
 -0.096619	-1.675720E-05
 -0.091644	-1.666870E-05
 -0.086670	-1.657104E-05
 -0.081696	-1.648254E-05
 -0.076721	-1.639404E-05
 -0.071716	-1.628723E-05
 -0.066742	-1.619873E-05
 -0.061768	-1.610107E-05
 -0.056793	-1.598511E-05
 -0.051819	-1.588745E-05
 -0.046893	-1.577759E-05
 -0.041916	-1.566772E-05
 -0.036935	-1.554565E-05
 -0.031958	-1.540833E-05
 -0.026974	-1.526489E-05
 -0.021997	-1.511230E-05
 -0.017017	-1.494141E-05
 -0.012039	-1.474609E-05
 -0.007062	-1.453857E-05
 -0.002081	-1.435242E-05

 Potential	  Scan 3   
 0.002896	-1.405029E-05
 0.007892	-1.373596E-05
 0.012854	-1.343079E-05
 0.017828	-1.304016E-05
 0.022809	-1.261292E-05
 0.027786	-1.212463E-05
 0.032767	-1.153564E-05
 0.037744	-1.086426E-05
 0.042725	-1.008606E-05
 0.047702	-9.176636E-06
 0.052704	-8.111572E-06
 0.057678	-6.866455E-06
 0.062653	-5.419922E-06
 0.067627	-3.745117E-06
 0.072601	-1.738892E-06
 0.077576	5.416870E-07
 0.082550	3.227539E-06
 0.087524	6.304932E-06
 0.092499	9.848022E-06
 0.097473	1.385803E-05
 0.102448	1.831970E-05
 0.107452	2.351379E-05
 0.112427	2.915344E-05
 0.117401	3.537292E-05
 0.122375	4.214172E-05
 0.127350	4.937744E-05
 0.132324	5.712891E-05
 0.137299	6.527710E-05
 0.142273	7.376099E-05
 0.147247	8.248901E-05
 0.152222	9.130859E-05
 0.157196	1.000366E-04
 0.162201	1.086731E-04
 0.167145	1.169739E-04
 0.172150	1.247559E-04
 0.177124	1.319275E-04
 0.182068	1.383362E-04
 0.187073	1.437378E-04
 0.192047	1.481323E-04
 0.197021	1.513367E-04
 0.201996	1.533203E-04
 0.206970	1.540222E-04
 0.211945	1.535339E-04
 0.216919	1.518860E-04
 0.221893	1.492920E-04
 0.226868	1.459351E-04
 0.231842	1.419373E-04
 0.236816	1.376343E-04
 0.241791	1.330872E-04
 0.246765	1.284790E-04
 0.251740	1.239319E-04
 0.256714	1.194763E-04
 0.261688	1.152039E-04
 0.266693	1.111755E-04
 0.271667	1.073608E-04
 0.276642	1.037903E-04
 0.281616	1.004333E-04
 0.286591	9.732056E-05
 0.291565	9.442139E-05
 0.296539	9.170532E-05
 0.301514	8.914185E-05
 0.306488	8.679199E-05
 0.311462	8.456421E-05
 0.316437	8.245850E-05
 0.321411	8.050537E-05
 0.326385	7.864380E-05
 0.331360	7.690430E-05
 0.336334	7.525635E-05
 0.341309	7.369995E-05
 0.346283	7.223511E-05
 0.351288	7.083130E-05
 0.356262	6.948853E-05
 0.361237	6.820679E-05
 0.366211	6.698608E-05
 0.371185	6.579590E-05
 0.376160	6.469727E-05
 0.381134	6.362915E-05
 0.386108	6.259155E-05
 0.391083	6.158447E-05
 0.396057	6.063843E-05
 0.401031	5.972290E-05
 0.406006	5.880737E-05
 0.410980	5.795288E-05
 0.415955	5.709839E-05
 0.420929	5.627441E-05
 0.425903	5.551147E-05
 0.430878	5.471802E-05
 0.435852	5.398560E-05
 0.440857	5.325317E-05
 0.445831	5.252075E-05
 0.450806	5.181885E-05
 0.455780	5.114746E-05
 0.460754	5.047607E-05
 0.465729	4.980469E-05
 0.470703	4.921265E-05
 0.475677	4.858398E-05
 0.480652	4.797363E-05
 0.485626	4.737244E-05
 0.490601	4.678955E-05
 0.495575	4.620972E-05
 0.500793	4.565735E-05
 0.497955	4.042664E-05
 0.492950	3.816223E-05
 0.487946	3.680420E-05
 0.482910	3.574524E-05
 0.477905	3.483276E-05
 0.472900	3.402100E-05
 0.467896	3.326721E-05
 0.462860	3.256531E-05
 0.457855	3.190308E-05
 0.452850	3.125916E-05
 0.447845	3.064880E-05
 0.442841	3.005066E-05
 0.437805	2.947693E-05
 0.432800	2.890320E-05
 0.427795	2.834167E-05
 0.422760	2.779846E-05
 0.417755	2.725830E-05
 0.412750	2.672119E-05
 0.407745	2.619324E-05
 0.402740	2.567444E-05
 0.397736	2.515259E-05
 0.392700	2.463989E-05
 0.387695	2.412109E-05
 0.382690	2.360229E-05
 0.377686	2.308655E-05
 0.372681	2.256165E-05
 0.367645	2.204285E-05
 0.362640	2.151794E-05
 0.357635	2.098694E-05
 0.352631	2.044983E-05
 0.347626	1.989746E-05
 0.342590	1.934814E-05
 0.337585	1.879272E-05
 0.332581	1.821594E-05
 0.327576	1.762695E-05
 0.322571	1.701050E-05
 0.317566	1.636963E-05
 0.312531	1.571350E-05
 0.307526	1.501465E-05
 0.302521	1.427612E-05
 0.297516	1.348267E-05
 0.292480	1.263428E-05
 0.287476	1.172791E-05
 0.282471	1.072998E-05
 0.277466	9.634399E-06
 0.272461	8.416748E-06
 0.267456	7.067871E-06
 0.262451	5.569458E-06
 0.257446	3.869019E-06
 0.252411	1.961670E-06
 0.247406	-1.834106E-07
 0.242401	-2.626038E-06
 0.237396	-5.386353E-06
 0.232391	-8.489990E-06
 0.227356	-1.201172E-05
 0.222351	-1.593628E-05
 0.217346	-2.032776E-05
 0.212341	-2.521362E-05
 0.207336	-3.062134E-05
 0.202332	-3.649292E-05
 0.197327	-4.286499E-05
 0.192322	-4.974365E-05
 0.187286	-5.706787E-05
 0.182281	-6.469727E-05
 0.177277	-7.266235E-05
 0.172241	-8.078003E-05
 0.167236	-8.905029E-05
 0.162231	-9.716797E-05
 0.157227	-1.051636E-04
 0.152222	-1.127930E-04
 0.147217	-1.199646E-04
 0.142212	-1.264038E-04
 0.137207	-1.320801E-04
 0.132202	-1.368103E-04
 0.127167	-1.404114E-04
 0.122162	-1.428528E-04
 0.117157	-1.440125E-04
 0.112152	-1.438904E-04
 0.107147	-1.425171E-04
 0.102142	-1.400452E-04
 0.097137	-1.366577E-04
 0.092133	-1.326294E-04
 0.087128	-1.282043E-04
 0.082123	-1.235657E-04
 0.077118	-1.188660E-04
 0.072083	-1.141968E-04
 0.067078	-1.097107E-04
 0.062073	-1.054077E-04
 0.057068	-1.013489E-04
 0.052063	-9.756470E-05
 0.047034	-9.402466E-05
 0.042026	-9.072876E-05
 0.037012	-8.764648E-05
 0.032007	-8.477783E-05
 0.026993	-8.218384E-05
 0.021985	-7.971191E-05
 0.016977	-7.742310E-05
 0.011966	-7.528687E-05
 0.006976	-7.324219E-05
 0.001950	-7.144165E-05
 -0.003055	-6.970215E-05
 -0.008072	-6.808472E-05
 -0.013080	-6.655884E-05
 -0.018091	-6.509399E-05
 -0.023099	-6.375122E-05
 -0.028107	-6.246948E-05
 -0.033118	-6.127930E-05
 -0.038126	-6.015015E-05
 -0.043130	-5.905151E-05
 -0.048145	-5.804443E-05
 -0.053101	-5.706787E-05
 -0.058105	-5.615234E-05
 -0.063110	-5.529785E-05
 -0.068115	-5.447388E-05
 -0.073120	-5.364990E-05
 -0.078156	-5.291748E-05
 -0.083160	-5.218506E-05
 -0.088165	-5.151367E-05
 -0.093170	-5.084229E-05
 -0.098175	-5.020142E-05
 -0.103180	-4.956970E-05
 -0.108185	-4.899902E-05
 -0.113190	-4.843140E-05
 -0.118195	-4.790344E-05
 -0.123199	-4.738770E-05
 -0.128204	-4.688110E-05
 -0.133209	-4.640198E-05
 -0.138214	-4.593811E-05
 -0.143219	-4.548950E-05
 -0.148224	-4.507751E-05
 -0.153229	-4.465942E-05
 -0.158234	-4.425659E-05
 -0.163269	-4.387817E-05
 -0.168274	-4.349976E-05
 -0.173279	-4.314880E-05
 -0.178284	-4.278564E-05
 -0.183289	-4.244690E-05
 -0.188293	-4.211731E-05
 -0.193298	-4.181213E-05
 -0.198303	-4.150085E-05
 -0.203308	-4.120789E-05
 -0.208313	-4.092712E-05
 -0.213318	-4.066162E-05
 -0.218323	-4.039612E-05
 -0.223328	-4.013367E-05
 -0.228333	-3.989258E-05
 -0.233337	-3.964539E-05
 -0.238342	-3.940735E-05
 -0.243347	-3.917542E-05
 -0.248352	-3.898010E-05
 -0.253357	-3.877869E-05
 -0.258392	-3.858948E-05
 -0.263397	-3.838501E-05
 -0.268402	-3.819885E-05
 -0.273407	-3.801575E-05
 -0.278412	-3.785400E-05
 -0.283417	-3.769836E-05
 -0.288422	-3.755493E-05
 -0.293427	-3.741455E-05
 -0.298309	-3.728027E-05
 -0.293915	-2.344971E-05
 -0.288910	-2.282715E-05
 -0.283936	-2.243958E-05
 -0.278961	-2.214050E-05
 -0.273987	-2.186890E-05
 -0.268982	-2.161560E-05
 -0.264008	-2.137756E-05
 -0.259033	-2.118225E-05
 -0.254059	-2.095947E-05
 -0.249054	-2.076721E-05
 -0.244080	-2.058411E-05
 -0.239105	-2.040710E-05
 -0.234131	-2.023926E-05
 -0.229126	-2.007751E-05
 -0.224152	-1.990967E-05
 -0.219177	-1.975403E-05
 -0.214203	-1.960144E-05
 -0.209229	-1.946106E-05
 -0.204224	-1.930847E-05
 -0.199249	-1.916809E-05
 -0.194275	-1.903687E-05
 -0.189301	-1.890564E-05
 -0.184326	-1.878357E-05
 -0.179321	-1.867371E-05
 -0.174347	-1.854248E-05
 -0.169373	-1.843567E-05
 -0.164398	-1.831970E-05
 -0.159424	-1.821594E-05
 -0.154419	-1.809082E-05
 -0.149445	-1.799011E-05
 -0.144470	-1.787720E-05
 -0.139496	-1.777649E-05
 -0.134521	-1.767273E-05
 -0.129547	-1.756897E-05
 -0.124542	-1.747437E-05
 -0.119568	-1.738281E-05
 -0.114594	-1.728210E-05
 -0.109619	-1.719055E-05
 -0.104645	-1.709595E-05
 -0.099670	-1.700439E-05
 -0.094666	-1.690979E-05
 -0.089691	-1.681213E-05
 -0.084717	-1.672974E-05
 -0.079742	-1.662903E-05
 -0.074768	-1.654053E-05
 -0.069794	-1.644287E-05
 -0.064819	-1.633606E-05
 -0.059814	-1.623840E-05
 -0.054840	-1.614380E-05
 -0.049866	-1.602173E-05
 -0.044949	-1.590881E-05
 -0.039969	-1.578979E-05
 -0.034988	-1.566772E-05
 -0.030008	-1.553650E-05
 -0.025031	-1.536865E-05
 -0.020050	-1.522217E-05
 -0.015073	-1.504211E-05
 -0.010095	-1.484985E-05
 -0.005106	-1.462402E-05
 -0.000137	-1.437683E-05

 Potential	  Scan 4   
 0.004843	-1.410522E-05
 0.009821	-1.383972E-05
 0.014801	-1.344604E-05
 0.019781	-1.303101E-05
 0.024759	-1.257019E-05
 0.029736	-1.205444E-05
 0.034717	-1.142273E-05
 0.039697	-1.069946E-05
 0.044675	-9.866333E-06
 0.049652	-8.901978E-06
 0.054657	-7.748413E-06
 0.059631	-6.405640E-06
 0.064606	-4.846191E-06
 0.069580	-3.033447E-06
 0.074554	-9.075928E-07
 0.079529	1.552124E-06
 0.084503	4.423828E-06
 0.089478	7.690430E-06
 0.094482	1.144714E-05
 0.099457	1.570435E-05
 0.104431	2.050476E-05
 0.109406	2.583008E-05
 0.114380	3.176270E-05
 0.119354	3.822632E-05
 0.124329	4.526978E-05
 0.129303	5.273438E-05
 0.134277	6.066895E-05
 0.139252	6.900024E-05
 0.144257	7.760620E-05
 0.149231	8.639526E-05
 0.154205	9.515381E-05
 0.159180	1.038818E-04
 0.164154	1.123657E-04
 0.169128	1.204834E-04
 0.174103	1.279907E-04
 0.179077	1.348267E-04
 0.184052	1.408081E-04
 0.189026	1.457825E-04
 0.194031	1.496277E-04
 0.198975	1.521912E-04
 0.203979	1.535950E-04
 0.208954	1.537781E-04
 0.213928	1.527405E-04
 0.218903	1.506348E-04
 0.223877	1.476440E-04
 0.228851	1.439819E-04
 0.233826	1.398315E-04
 0.238800	1.353760E-04
 0.243774	1.307678E-04
 0.248749	1.261597E-04
 0.253723	1.216736E-04
 0.258698	1.172791E-04
 0.263702	1.131287E-04
 0.268646	1.091919E-04
 0.273651	1.054993E-04
 0.278625	1.020508E-04
 0.283600	9.878540E-05
 0.288574	9.576416E-05
 0.293549	9.295654E-05
 0.298523	9.033203E-05
 0.303497	8.786011E-05
 0.308472	8.554077E-05
 0.313446	8.337402E-05
 0.318451	8.135986E-05
 0.323395	7.943726E-05
 0.328400	7.763672E-05
 0.333374	7.595825E-05
 0.338348	7.434082E-05
 0.343323	7.281494E-05
 0.348297	7.135010E-05
 0.353271	6.997681E-05
 0.358246	6.869507E-05
 0.363220	6.741333E-05
 0.368195	6.622314E-05
 0.373169	6.506348E-05
 0.378143	6.396484E-05
 0.383118	6.292725E-05
 0.388092	6.192017E-05
 0.393066	6.091309E-05
 0.398041	5.999756E-05
 0.403046	5.908203E-05
 0.407990	5.819702E-05
 0.412994	5.734253E-05
 0.417969	5.648804E-05
 0.422913	5.569458E-05
 0.427917	5.493164E-05
 0.432892	5.413818E-05
 0.437866	5.340576E-05
 0.442841	5.267334E-05
 0.447815	5.197144E-05
 0.452789	5.130005E-05
 0.457764	5.059814E-05
 0.462738	4.992676E-05
 0.467712	4.933472E-05
 0.472687	4.870300E-05
 0.477661	4.808044E-05
 0.482666	4.747620E-05
 0.487640	4.688416E-05
 0.492615	4.630737E-05
 0.497589	4.573364E-05
 0.498810	4.254150E-05
 0.493805	3.871765E-05
 0.488800	3.715210E-05
 0.483765	3.600464E-05
 0.478760	3.504944E-05
 0.473755	3.421021E-05
 0.468719	3.343811E-05
 0.463715	3.272400E-05
 0.458710	3.204346E-05
 0.453705	3.139343E-05
 0.448700	3.077698E-05
 0.443665	3.016663E-05
 0.438660	2.958679E-05
 0.433655	2.901001E-05
 0.428650	2.845459E-05
 0.423615	2.790833E-05
 0.418610	2.736511E-05
 0.413605	2.682800E-05
 0.408600	2.629700E-05
 0.403595	2.577515E-05
 0.398590	2.525024E-05
 0.393555	2.473755E-05
 0.388550	2.421570E-05
 0.383545	2.369690E-05
 0.378540	2.318420E-05
 0.373535	2.265930E-05
 0.368500	2.214050E-05
 0.363495	2.161865E-05
 0.358490	2.109070E-05
 0.353485	2.055359E-05
 0.348480	2.001343E-05
 0.343475	1.946716E-05
 0.338440	1.889343E-05
 0.333435	1.833191E-05
 0.328430	1.773987E-05
 0.323425	1.712036E-05
 0.318420	1.649170E-05
 0.313416	1.584167E-05
 0.308380	1.514282E-05
 0.303375	1.442261E-05
 0.298370	1.364746E-05
 0.293365	1.281738E-05
 0.288361	1.191711E-05
 0.283356	1.093445E-05
 0.278351	9.872437E-06
 0.273346	8.688354E-06
 0.268311	7.357788E-06
 0.263336	5.895996E-06
 0.258331	4.257202E-06
 0.253296	2.387695E-06
 0.248291	2.883911E-07
 0.243286	-2.094116E-06
 0.238281	-4.745483E-06
 0.233276	-7.763672E-06
 0.228271	-1.118164E-05
 0.223267	-1.500244E-05
 0.218262	-1.929932E-05
 0.213226	-2.407227E-05
 0.208221	-2.932129E-05
 0.203217	-3.509827E-05
 0.198212	-4.136353E-05
 0.193207	-4.810181E-05
 0.188202	-5.532837E-05
 0.183197	-6.286621E-05
 0.178192	-7.073975E-05
 0.173157	-7.885742E-05
 0.168152	-8.706665E-05
 0.163147	-9.527588E-05
 0.158142	-1.033325E-04
 0.153137	-1.110535E-04
 0.148132	-1.183167E-04
 0.143127	-1.249695E-04
 0.138123	-1.308289E-04
 0.133118	-1.358032E-04
 0.128113	-1.396790E-04
 0.123108	-1.423950E-04
 0.118073	-1.438904E-04
 0.113068	-1.440735E-04
 0.108063	-1.430054E-04
 0.103058	-1.407776E-04
 0.098053	-1.376038E-04
 0.093048	-1.337280E-04
 0.088043	-1.293335E-04
 0.083038	-1.247559E-04
 0.078033	-1.200562E-04
 0.073029	-1.153564E-04
 0.068024	-1.108398E-04
 0.063019	-1.065063E-04
 0.057983	-1.023865E-04
 0.053009	-9.851074E-05
 0.047974	-9.494019E-05
 0.042966	-9.155273E-05
 0.037958	-8.843994E-05
 0.032944	-8.554077E-05
 0.027936	-8.285522E-05
 0.022925	-8.035278E-05
 0.017917	-7.800293E-05
 0.012909	-7.586670E-05
 0.007913	-7.382202E-05
 0.002893	-7.192993E-05
 -0.002118	-7.015991E-05
 -0.007129	-6.854248E-05
 -0.012134	-6.695557E-05
 -0.017142	-6.549072E-05
 -0.022150	-6.414795E-05
 -0.027161	-6.283569E-05
 -0.032172	-6.161499E-05
 -0.037177	-6.045532E-05
 -0.042184	-5.938721E-05
 -0.047192	-5.834961E-05
 -0.052155	-5.737305E-05
 -0.057159	-5.642700E-05
 -0.062164	-5.557251E-05
 -0.067169	-5.471802E-05
 -0.072174	-5.389404E-05
 -0.077179	-5.313110E-05
 -0.082184	-5.242920E-05
 -0.087189	-5.172729E-05
 -0.092194	-5.108643E-05
 -0.097198	-5.041504E-05
 -0.102203	-4.977417E-05
 -0.107208	-4.918518E-05
 -0.112213	-4.862061E-05
 -0.117218	-4.807739E-05
 -0.122223	-4.756470E-05
 -0.127228	-4.713745E-05
 -0.132263	-4.657288E-05
 -0.137268	-4.611816E-05
 -0.142273	-4.566345E-05
 -0.147278	-4.523926E-05
 -0.152283	-4.482117E-05
 -0.157257	-4.440613E-05
 -0.162292	-4.396667E-05
 -0.167297	-4.364929E-05
 -0.172302	-4.329224E-05
 -0.177307	-4.293213E-05
 -0.182312	-4.260254E-05
 -0.187317	-4.226685E-05
 -0.192322	-4.195251E-05
 -0.197327	-4.163513E-05
 -0.202332	-4.135132E-05
 -0.207336	-4.104614E-05
 -0.212341	-4.078674E-05
 -0.217346	-4.052124E-05
 -0.222351	-4.025879E-05
 -0.227356	-4.001160E-05
 -0.232361	-3.976135E-05
 -0.237366	-3.954163E-05
 -0.242401	-3.931885E-05
 -0.247406	-3.909912E-05
 -0.252411	-3.888855E-05
 -0.257416	-3.868103E-05
 -0.262421	-3.849487E-05
 -0.267426	-3.831482E-05
 -0.272430	-3.812866E-05
 -0.277435	-3.795776E-05
 -0.282440	-3.779602E-05
 -0.287445	-3.765259E-05
 -0.292450	-3.751221E-05
 -0.297455	-3.738708E-05
 -0.294342	-2.375793E-05
 -0.289368	-2.298279E-05
 -0.284363	-2.259521E-05
 -0.279388	-2.226257E-05
 -0.274414	-2.199707E-05
 -0.269440	-2.175293E-05
 -0.264435	-2.151184E-05
 -0.259460	-2.129822E-05
 -0.254486	-2.108765E-05
 -0.249512	-2.089539E-05
 -0.244507	-2.069702E-05
 -0.239532	-2.051697E-05
 -0.234558	-2.035522E-05
 -0.229584	-2.017212E-05
 -0.224609	-2.001648E-05
 -0.219635	-1.986694E-05
 -0.214630	-1.970825E-05
 -0.209656	-1.956787E-05
 -0.204681	-1.941833E-05
 -0.199707	-1.926575E-05
 -0.194733	-1.914978E-05
 -0.189758	-1.901550E-05
 -0.184753	-1.889954E-05
 -0.179779	-1.876831E-05
 -0.174805	-1.864929E-05
 -0.169830	-1.853943E-05
 -0.164825	-1.841736E-05
 -0.159851	-1.831360E-05
 -0.154877	-1.820068E-05
 -0.149902	-1.807861E-05
 -0.144928	-1.797791E-05
 -0.139954	-1.787109E-05
 -0.134949	-1.775513E-05
 -0.129974	-1.766663E-05
 -0.125000	-1.757202E-05
 -0.120026	-1.747437E-05
 -0.115051	-1.737671E-05
 -0.110077	-1.729126E-05
 -0.105072	-1.719055E-05
 -0.100098	-1.709290E-05
 -0.095123	-1.701355E-05
 -0.090149	-1.691895E-05
 -0.085175	-1.681824E-05
 -0.080200	-1.672974E-05
 -0.075226	-1.663208E-05
 -0.070221	-1.653442E-05
 -0.065247	-1.643066E-05
 -0.060272	-1.632080E-05
 -0.055267	-1.622620E-05
 -0.050293	-1.610413E-05
 -0.045386	-1.599731E-05
 -0.040405	-1.589050E-05
 -0.035425	-1.575317E-05
 -0.030438	-1.560974E-05
 -0.025464	-1.546936E-05
 -0.020480	-1.530762E-05
 -0.015497	-1.512451E-05
 -0.010516	-1.492615E-05
 -0.005530	-1.470337E-05
 -0.000549	-1.446838E-05

 Potential	  Scan 5   
 0.004434	-1.418762E-05
 0.009415	-1.391602E-05
 0.014395	-1.352539E-05
 0.019376	-1.310425E-05
 0.024356	-1.264343E-05
 0.029340	-1.212463E-05
 0.034317	-1.151428E-05
 0.039297	-1.079102E-05
 0.044278	-9.942627E-06
 0.049258	-8.972168E-06
 0.054260	-7.827759E-06
 0.059235	-6.472778E-06
 0.064209	-4.928589E-06
 0.069183	-3.115540E-06
 0.074188	-9.854126E-07
 0.079163	1.481628E-06
 0.084137	4.333191E-06
 0.089111	7.608032E-06
 0.094086	1.137695E-05
 0.099060	1.562500E-05
 0.104034	2.041626E-05
 0.109039	2.576294E-05
 0.114014	3.168640E-05
 0.118988	3.815308E-05
 0.123962	4.518738E-05
 0.128937	5.264282E-05
 0.133911	6.060791E-05
 0.138916	6.893921E-05
 0.143860	7.754517E-05
 0.148865	8.630371E-05
 0.153839	9.512329E-05
 0.158813	1.038513E-04
 0.163788	1.123352E-04
 0.168762	1.204224E-04
 0.173737	1.279602E-04
 0.178711	1.347961E-04
 0.183685	1.407776E-04
 0.188660	1.457520E-04
 0.193665	1.496277E-04
 0.198608	1.521912E-04
 0.203613	1.535950E-04
 0.208588	1.537476E-04
 0.213562	1.527100E-04
 0.218536	1.506348E-04
 0.223511	1.476746E-04
 0.228485	1.440125E-04
 0.233459	1.398315E-04
 0.238434	1.353760E-04
 0.243408	1.307678E-04
 0.248413	1.261597E-04
 0.253387	1.216431E-04
 0.258362	1.172791E-04
 0.263336	1.130981E-04
 0.268311	1.091614E-04
 0.273285	1.054688E-04
 0.278259	1.019897E-04
 0.283234	9.875488E-05
 0.288208	9.573364E-05
 0.293213	9.289551E-05
 0.298187	9.027100E-05
 0.303162	8.779907E-05
 0.308136	8.547974E-05
 0.313110	8.331299E-05
 0.318085	8.129883E-05
 0.323059	7.937622E-05
 0.328064	7.757568E-05
 0.333038	7.586670E-05
 0.338013	7.424927E-05
 0.342987	7.275391E-05
 0.347961	7.128906E-05
 0.352936	6.991577E-05
 0.357910	6.860352E-05
 0.362885	6.735229E-05
 0.367859	6.613159E-05
 0.372833	6.500244E-05
 0.377808	6.390381E-05
 0.382782	6.283569E-05
 0.387787	6.182861E-05
 0.392761	6.082153E-05
 0.397736	5.990601E-05
 0.402710	5.899048E-05
 0.407684	5.807495E-05
 0.412659	5.725098E-05
 0.417633	5.639648E-05
 0.422607	5.560303E-05
 0.427582	5.480957E-05
 0.432556	5.404663E-05
 0.437531	5.331421E-05
 0.442535	5.258179E-05
 0.447510	5.187988E-05
 0.452484	5.117798E-05
 0.457458	5.050659E-05
 0.462433	4.983521E-05
 0.467407	4.923401E-05
 0.472382	4.859924E-05
 0.477356	4.798279E-05
 0.482330	4.738159E-05
 0.487305	4.679260E-05
 0.492279	4.621582E-05
 0.497253	4.565125E-05
 0.498505	4.244995E-05
 0.493469	3.864746E-05
 0.488464	3.708801E-05
 0.483459	3.594360E-05
 0.478424	3.499451E-05
 0.473450	3.415833E-05
 0.468414	3.339539E-05
 0.463409	3.267517E-05
 0.458405	3.200073E-05
 0.453400	3.135681E-05
 0.448364	3.073730E-05
 0.443359	3.013306E-05
 0.438354	2.955322E-05
 0.433350	2.898254E-05
 0.428345	2.842712E-05
 0.423309	2.787781E-05
 0.418304	2.733459E-05
 0.413300	2.679749E-05
 0.408295	2.627258E-05
 0.403290	2.574768E-05
 0.398285	2.522583E-05
 0.393250	2.471313E-05
 0.388275	2.419128E-05
 0.383240	2.367554E-05
 0.378235	2.316284E-05
 0.373230	2.264099E-05
 0.368195	2.212524E-05
 0.363190	2.158813E-05
 0.358185	2.106934E-05
 0.353180	2.053528E-05
 0.348175	1.998596E-05
 0.343170	1.944275E-05
 0.338165	1.888123E-05
 0.333160	1.831055E-05
 0.328156	1.771545E-05
 0.323120	1.710815E-05
 0.318146	1.647949E-05
 0.313110	1.582336E-05
 0.308105	1.513672E-05
 0.303101	1.440430E-05
 0.298096	1.362915E-05
 0.293091	1.279907E-05
 0.288086	1.189575E-05
 0.283051	1.091309E-05
 0.278046	9.841919E-06
 0.273041	8.666992E-06
 0.268036	7.339478E-06
 0.263031	5.859375E-06
 0.258026	4.231567E-06
 0.253021	2.382202E-06
 0.248016	2.807617E-07
 0.243011	-2.085571E-06
 0.238007	-4.748535E-06
 0.233002	-7.781982E-06
 0.227966	-1.119080E-05
 0.222992	-1.503296E-05
 0.217987	-1.931458E-05
 0.212952	-2.407532E-05
 0.207947	-2.931213E-05
 0.202942	-3.507996E-05
 0.197937	-4.134827E-05
 0.192932	-4.808044E-05
 0.187927	-5.529785E-05
 0.182892	-6.286621E-05
 0.177887	-7.073975E-05
 0.172882	-7.882690E-05
 0.167877	-8.703613E-05
 0.162872	-9.524536E-05
 0.157867	-1.032715E-04
 0.152863	-1.110229E-04
 0.147858	-1.183167E-04
 0.142853	-1.250000E-04
 0.137848	-1.308594E-04
 0.132843	-1.358337E-04
 0.127838	-1.397095E-04
 0.122833	-1.424866E-04
 0.117798	-1.439209E-04
 0.112823	-1.441345E-04
 0.107819	-1.430969E-04
 0.102783	-1.408997E-04
 0.097809	-1.376953E-04
 0.092773	-1.338196E-04
 0.087769	-1.294250E-04
 0.082764	-1.248474E-04
 0.077759	-1.201477E-04
 0.072754	-1.154785E-04
 0.067749	-1.109314E-04
 0.062744	-1.065979E-04
 0.057739	-1.024780E-04
 0.052734	-9.863281E-05
 0.047705	-9.500122E-05
 0.042700	-9.164429E-05
 0.037692	-8.853149E-05
 0.032681	-8.560181E-05
 0.027673	-8.294678E-05
 0.022662	-8.041382E-05
 0.017654	-7.809448E-05
 0.012646	-7.592773E-05
 0.007654	-7.388306E-05
 0.002631	-7.202148E-05
 -0.002377	-7.025146E-05
 -0.007385	-6.860352E-05
 -0.012396	-6.701660E-05
 -0.017401	-6.555176E-05
 -0.022412	-6.417847E-05
 -0.027417	-6.289673E-05
 -0.032422	-6.167603E-05
 -0.037430	-6.051636E-05
 -0.042438	-5.944824E-05
 -0.047446	-5.841064E-05
 -0.052399	-5.743408E-05
 -0.057404	-5.648804E-05
 -0.062408	-5.560303E-05
 -0.067444	-5.477905E-05
 -0.072418	-5.395508E-05
 -0.077454	-5.319214E-05
 -0.082458	-5.245972E-05
 -0.087433	-5.178833E-05
 -0.092468	-5.111694E-05
 -0.097443	-5.044556E-05
 -0.102448	-4.983521E-05
 -0.107483	-4.924622E-05
 -0.112457	-4.867249E-05
 -0.117493	-4.813232E-05
 -0.122498	-4.761353E-05
 -0.127502	-4.711304E-05
 -0.132507	-4.662476E-05
 -0.137512	-4.617310E-05
 -0.142517	-4.571228E-05
 -0.147522	-4.527893E-05
 -0.152527	-4.486694E-05
 -0.157532	-4.444885E-05
 -0.162537	-4.406433E-05
 -0.167542	-4.370117E-05
 -0.172546	-4.334106E-05
 -0.177551	-4.296875E-05
 -0.182556	-4.263611E-05
 -0.187561	-4.229431E-05
 -0.192566	-4.198914E-05
 -0.197571	-4.169312E-05
 -0.202576	-4.138184E-05
 -0.207581	-4.110107E-05
 -0.212585	-4.082336E-05
 -0.217590	-4.056396E-05
 -0.222595	-4.030762E-05
 -0.227600	-4.005737E-05
 -0.232605	-3.980713E-05
 -0.237610	-3.957520E-05
 -0.242615	-3.933716E-05
 -0.247620	-3.913879E-05
 -0.252625	-3.892822E-05
 -0.257629	-3.872375E-05
 -0.262634	-3.854370E-05
 -0.267639	-3.834534E-05
 -0.272644	-3.815002E-05
 -0.277649	-3.798523E-05
 -0.282654	-3.783569E-05
 -0.287659	-3.768921E-05
 -0.292664	-3.755188E-05
 -0.297668	-3.740540E-05
 -0.294952	-2.386169E-05
 -0.289978	-2.301636E-05
 -0.284973	-2.261963E-05
 -0.279999	-2.230530E-05
 -0.275024	-2.203369E-05
 -0.270050	-2.178040E-05
 -0.265045	-2.156372E-05
 -0.260071	-2.134094E-05
 -0.255096	-2.111816E-05
 -0.250092	-2.092896E-05
 -0.245117	-2.074280E-05
 -0.240143	-2.056274E-05
 -0.235168	-2.038879E-05
 -0.230164	-2.021179E-05
 -0.225189	-2.005920E-05
 -0.220215	-1.990051E-05
 -0.215240	-1.975098E-05
 -0.210266	-1.961060E-05
 -0.205261	-1.944885E-05
 -0.200287	-1.931458E-05
 -0.195313	-1.918030E-05
 -0.190308	-1.904907E-05
 -0.185333	-1.893311E-05
 -0.180328	-1.879883E-05
 -0.175354	-1.867981E-05
 -0.170380	-1.855469E-05
 -0.165405	-1.844482E-05
 -0.160431	-1.834412E-05
 -0.155457	-1.822815E-05
 -0.150452	-1.810913E-05
 -0.145477	-1.800537E-05
 -0.140503	-1.790466E-05
 -0.135529	-1.780396E-05
 -0.130554	-1.770630E-05
 -0.125549	-1.758728E-05
 -0.120575	-1.751099E-05
 -0.115601	-1.741638E-05
 -0.110626	-1.731567E-05
 -0.105652	-1.722107E-05
 -0.100677	-1.713257E-05
 -0.095673	-1.703796E-05
 -0.090698	-1.694641E-05
 -0.085724	-1.685791E-05
 -0.080750	-1.675110E-05
 -0.075775	-1.666260E-05
 -0.070801	-1.657410E-05
 -0.065796	-1.647034E-05
 -0.060822	-1.636047E-05
 -0.055847	-1.624451E-05
 -0.050873	-1.614685E-05
 -0.045944	-1.602783E-05
 -0.040964	-1.590881E-05
 -0.035983	-1.578674E-05
 -0.031000	-1.565247E-05
 -0.026019	-1.550903E-05
 -0.021036	-1.533203E-05
 -0.016058	-1.516724E-05
 -0.011078	-1.497192E-05
 -0.006097	-1.474304E-05
 -0.001117	-1.452332E-05
