Date: 15-08-25
Time: 14:54:42 PM

Exp. Conditions:
Cyclic voltammetry
Start potential (V) = .0000
First vertex potential (V) = .5000
Second vertex potential (V) = -.3000
Step potential (V) = .00500
Scan rate (V/s) = .30005
Equilibration time (s) = 
Number of Data Points =  320 

 Potential	  Scan 1   
 0.002136	-4.528809E-06
 0.009677	1.857910E-06
 0.014667	2.630310E-06
 0.019659	3.222046E-06
 0.024652	3.879700E-06
 0.029648	4.583740E-06
 0.034641	5.419922E-06
 0.039627	6.311035E-06
 0.044620	7.388306E-06
 0.049622	8.636475E-06
 0.054626	1.005859E-05
 0.059631	1.181641E-05
 0.064606	1.380615E-05
 0.069611	1.612549E-05
 0.074615	1.895447E-05
 0.079590	2.223511E-05
 0.084564	2.605896E-05
 0.089569	3.049011E-05
 0.094543	3.557434E-05
 0.099548	4.150696E-05
 0.104523	4.828186E-05
 0.109528	5.593872E-05
 0.114532	6.454468E-05
 0.119507	7.412720E-05
 0.124512	8.471680E-05
 0.129486	9.622192E-05
 0.134460	1.087341E-04
 0.139465	1.220093E-04
 0.144470	1.360168E-04
 0.149445	1.506653E-04
 0.154449	1.657104E-04
 0.159424	1.809692E-04
 0.164398	1.963196E-04
 0.169403	2.115479E-04
 0.174377	2.261963E-04
 0.179382	2.401733E-04
 0.184387	2.531128E-04
 0.189362	2.647705E-04
 0.194366	2.749939E-04
 0.199341	2.834473E-04
 0.204346	2.900696E-04
 0.209320	2.944946E-04
 0.214325	2.969055E-04
 0.219299	2.971497E-04
 0.224304	2.953491E-04
 0.229279	2.918396E-04
 0.234283	2.866516E-04
 0.239258	2.804260E-04
 0.244232	2.732239E-04
 0.249237	2.655334E-04
 0.254242	2.574463E-04
 0.259216	2.493896E-04
 0.264221	2.413635E-04
 0.269196	2.336731E-04
 0.274170	2.262268E-04
 0.279175	2.191772E-04
 0.284180	2.126160E-04
 0.289154	2.063599E-04
 0.294159	2.005005E-04
 0.299133	1.950378E-04
 0.304138	1.899109E-04
 0.309113	1.851501E-04
 0.314117	1.806946E-04
 0.319092	1.764526E-04
 0.324097	1.725159E-04
 0.329071	1.688232E-04
 0.334076	1.653442E-04
 0.339050	1.620178E-04
 0.344025	1.588745E-04
 0.349030	1.559448E-04
 0.354004	1.531372E-04
 0.359009	1.504822E-04
 0.364014	1.479187E-04
 0.368988	1.454468E-04
 0.373962	1.431274E-04
 0.378967	1.409302E-04
 0.383942	1.387939E-04
 0.388947	1.367188E-04
 0.393921	1.347351E-04
 0.398926	1.328125E-04
 0.403900	1.309204E-04
 0.408905	1.291809E-04
 0.413879	1.274109E-04
 0.418884	1.257019E-04
 0.423859	1.240234E-04
 0.428864	1.224060E-04
 0.433838	1.208191E-04
 0.438843	1.192322E-04
 0.443817	1.176758E-04
 0.448822	1.161499E-04
 0.453796	1.146851E-04
 0.458801	1.131897E-04
 0.463776	1.117249E-04
 0.468781	1.103210E-04
 0.473755	1.089172E-04
 0.478729	1.075439E-04
 0.483734	1.061707E-04
 0.488708	1.048279E-04
 0.493713	1.035156E-04
 0.498688	1.022644E-04
 0.500183	9.518433E-05
 0.494904	8.694458E-05
 0.489929	8.334351E-05
 0.484894	8.062744E-05
 0.479889	7.843018E-05
 0.474915	7.644653E-05
 0.469879	7.467651E-05
 0.464874	7.296753E-05
 0.459869	7.144165E-05
 0.454865	6.994629E-05
 0.449860	6.854248E-05
 0.444855	6.716919E-05
 0.439850	6.579590E-05
 0.434845	6.448364E-05
 0.429840	6.320190E-05
 0.424835	6.192017E-05
 0.419830	6.069946E-05
 0.414825	5.944824E-05
 0.409821	5.819702E-05
 0.404816	5.694580E-05
 0.399780	5.569458E-05
 0.394806	5.444336E-05
 0.389801	5.322266E-05
 0.384766	5.191040E-05
 0.379761	5.062866E-05
 0.374786	4.938660E-05
 0.369751	4.805603E-05
 0.364746	4.671631E-05
 0.359772	4.535217E-05
 0.354736	4.394531E-05
 0.349731	4.249573E-05
 0.344727	4.103088E-05
 0.339722	3.950500E-05
 0.334747	3.791809E-05
 0.329712	3.633728E-05
 0.324707	3.462524E-05
 0.319733	3.286133E-05
 0.314697	3.104248E-05
 0.309692	2.908630E-05
 0.304688	2.707214E-05
 0.299683	2.496643E-05
 0.294678	2.269287E-05
 0.289673	2.030945E-05
 0.284668	1.772156E-05
 0.279663	1.494751E-05
 0.274658	1.194763E-05
 0.269653	8.688354E-06
 0.264648	5.108643E-06
 0.259644	1.214600E-06
 0.254669	-3.072510E-06
 0.249634	-7.775879E-06
 0.244629	-1.299744E-05
 0.239624	-1.876526E-05
 0.234619	-2.510986E-05
 0.229645	-3.214722E-05
 0.224640	-3.988647E-05
 0.219635	-4.831238E-05
 0.214630	-5.752563E-05
 0.209625	-6.747437E-05
 0.204620	-7.824707E-05
 0.199615	-8.972168E-05
 0.194611	-1.018066E-04
 0.189606	-1.144714E-04
 0.184601	-1.275635E-04
 0.179596	-1.409912E-04
 0.174591	-1.544800E-04
 0.169586	-1.678467E-04
 0.164581	-1.809692E-04
 0.159576	-1.934814E-04
 0.154572	-2.052612E-04
 0.149567	-2.158813E-04
 0.144562	-2.251282E-04
 0.139557	-2.329407E-04
 0.134552	-2.389832E-04
 0.129547	-2.431335E-04
 0.124542	-2.452393E-04
 0.119537	-2.453003E-04
 0.114532	-2.434387E-04
 0.109528	-2.396545E-04
 0.104523	-2.340698E-04
 0.099548	-2.272034E-04
 0.094543	-2.194824E-04
 0.089539	-2.113953E-04
 0.084534	-2.030334E-04
 0.079529	-1.948547E-04
 0.074524	-1.869812E-04
 0.069519	-1.794434E-04
 0.064514	-1.723938E-04
 0.059509	-1.657715E-04
 0.054504	-1.595459E-04
 0.049500	-1.538086E-04
 0.044479	-1.484070E-04
 0.039471	-1.434631E-04
 0.034470	-1.388550E-04
 0.029462	-1.345825E-04
 0.024457	-1.305847E-04
 0.019455	-1.268311E-04
 0.014450	-1.234436E-04
 0.009448	-1.202087E-04
 0.004443	-1.172485E-04
 -0.000562	-1.143799E-04
 -0.005563	-1.115723E-04
 -0.010571	-1.091003E-04
 -0.015576	-1.067810E-04
 -0.020581	-1.045837E-04
 -0.025586	-1.025391E-04
 -0.030594	-1.005249E-04
 -0.035599	-9.872437E-05
 -0.040601	-9.695435E-05
 -0.045602	-9.533691E-05
 -0.050537	-9.387207E-05
 -0.055542	-9.237671E-05
 -0.060547	-9.100342E-05
 -0.065582	-8.969116E-05
 -0.070587	-8.843994E-05
 -0.075562	-8.724976E-05
 -0.080566	-8.615112E-05
 -0.085571	-8.505249E-05
 -0.090576	-8.407593E-05
 -0.095581	-8.303833E-05
 -0.100586	-8.212280E-05
 -0.105591	-8.129883E-05
 -0.110596	-8.041382E-05
 -0.115601	-7.955933E-05
 -0.120605	-7.879639E-05
 -0.125610	-7.812500E-05
 -0.130615	-7.733154E-05
 -0.135590	-7.662964E-05
 -0.140594	-7.601929E-05
 -0.145599	-7.537842E-05
 -0.150604	-7.479858E-05
 -0.155609	-7.421875E-05
 -0.160614	-7.360840E-05
 -0.165619	-7.308960E-05
 -0.170624	-7.260132E-05
 -0.175629	-7.211304E-05
 -0.180634	-7.162476E-05
 -0.185638	-7.116699E-05
 -0.190643	-7.067871E-05
 -0.195648	-7.028198E-05
 -0.200653	-6.985474E-05
 -0.205658	-6.942749E-05
 -0.210632	-6.912231E-05
 -0.215668	-6.869507E-05
 -0.220642	-6.835938E-05
 -0.225647	-6.799316E-05
 -0.230652	-6.771851E-05
 -0.235657	-6.744385E-05
 -0.240662	-6.710815E-05
 -0.245667	-6.683350E-05
 -0.250671	-6.658936E-05
 -0.255676	-6.634521E-05
 -0.260681	-6.607056E-05
 -0.265686	-6.588745E-05
 -0.270691	-6.561279E-05
 -0.275696	-6.542969E-05
 -0.280701	-6.518555E-05
 -0.285675	-6.506348E-05
 -0.290680	-6.488037E-05
 -0.295685	-6.472778E-05
 -0.297211	-4.986572E-05
 -0.292206	-2.455750E-05
 -0.287201	-2.333679E-05
 -0.282227	-2.261658E-05
 -0.277222	-2.210999E-05
 -0.272247	-2.171936E-05
 -0.267242	-2.128601E-05
 -0.262238	-2.097778E-05
 -0.257263	-2.062683E-05
 -0.252258	-2.037354E-05
 -0.247253	-2.012329E-05
 -0.242279	-1.985779E-05
 -0.237274	-1.963196E-05
 -0.232300	-1.941833E-05
 -0.227295	-1.916504E-05
 -0.222321	-1.900330E-05
 -0.217316	-1.883850E-05
 -0.212341	-1.863098E-05
 -0.207336	-1.844482E-05
 -0.202332	-1.823120E-05
 -0.197357	-1.814880E-05
 -0.192352	-1.798706E-05
 -0.187347	-1.782837E-05
 -0.182373	-1.771240E-05
 -0.177368	-1.755371E-05
 -0.172394	-1.740723E-05
 -0.167389	-1.729431E-05
 -0.162415	-1.719360E-05
 -0.157410	-1.706238E-05
 -0.152435	-1.695251E-05
 -0.147430	-1.684265E-05
 -0.142456	-1.675110E-05
 -0.137451	-1.662903E-05
 -0.132477	-1.652527E-05
 -0.127472	-1.645813E-05
 -0.122467	-1.637878E-05
 -0.117493	-1.618958E-05
 -0.112488	-1.608582E-05
 -0.107513	-1.602173E-05
 -0.102509	-1.596375E-05
 -0.097534	-1.586609E-05
 -0.092560	-1.576538E-05
 -0.087555	-1.567688E-05
 -0.082550	-1.561279E-05
 -0.077576	-1.545715E-05
 -0.072571	-1.537781E-05
 -0.067596	-1.526794E-05
 -0.062592	-1.520691E-05
 -0.057587	-1.507263E-05
 -0.052612	-1.494141E-05
 -0.047693	-1.483154E-05
 -0.042700	-1.462402E-05
 -0.037711	-1.448364E-05
 -0.032721	-1.435547E-05
 -0.027728	-1.411133E-05
 -0.022736	-1.393127E-05
 -0.017749	-1.365967E-05
 -0.012753	-1.338196E-05
 -0.007764	-1.310730E-05
 -0.002768	-1.271973E-05

 Potential	  Scan 2   
 0.002222	-1.237183E-05
 0.007230	-1.181641E-05
 0.012204	-1.146851E-05
 0.017191	-1.091614E-05
 0.022183	-1.033020E-05
 0.027179	-9.637451E-06
 0.032172	-8.755493E-06
 0.037164	-7.836914E-06
 0.042151	-6.747437E-06
 0.047144	-5.538940E-06
 0.052155	-4.116821E-06
 0.057159	-2.412720E-06
 0.062134	-4.324341E-07
 0.067139	1.875916E-06
 0.072113	4.586792E-06
 0.077118	7.763672E-06
 0.082092	1.145325E-05
 0.087097	1.575012E-05
 0.092072	2.068787E-05
 0.097046	2.642517E-05
 0.102051	3.295288E-05
 0.107056	4.036255E-05
 0.112030	4.871826E-05
 0.117035	5.798340E-05
 0.122009	6.826782E-05
 0.127014	7.952881E-05
 0.131989	9.173584E-05
 0.136993	1.046753E-04
 0.141968	1.185913E-04
 0.146973	1.329956E-04
 0.151947	1.479492E-04
 0.156921	1.632690E-04
 0.161926	1.786804E-04
 0.166931	1.939392E-04
 0.171906	2.088623E-04
 0.176910	2.231750E-04
 0.181885	2.365723E-04
 0.186890	2.487488E-04
 0.191864	2.595520E-04
 0.196838	2.687683E-04
 0.201843	2.761230E-04
 0.206848	2.813721E-04
 0.211823	2.845459E-04
 0.216797	2.856445E-04
 0.221802	2.846985E-04
 0.226776	2.818604E-04
 0.231781	2.773743E-04
 0.236755	2.715759E-04
 0.241760	2.647400E-04
 0.246735	2.572632E-04
 0.251740	2.493286E-04
 0.256714	2.412720E-04
 0.261719	2.332764E-04
 0.266693	2.254944E-04
 0.271698	2.179565E-04
 0.276672	2.108154E-04
 0.281677	2.040100E-04
 0.286652	1.976318E-04
 0.291656	1.916504E-04
 0.296631	1.860962E-04
 0.301636	1.808167E-04
 0.306610	1.758728E-04
 0.311584	1.712952E-04
 0.316589	1.669617E-04
 0.321564	1.629333E-04
 0.326569	1.591492E-04
 0.331543	1.555786E-04
 0.336548	1.521912E-04
 0.341553	1.489868E-04
 0.346527	1.459656E-04
 0.351501	1.430664E-04
 0.356506	1.403503E-04
 0.361481	1.377869E-04
 0.366486	1.352844E-04
 0.371460	1.329346E-04
 0.376465	1.307068E-04
 0.381439	1.285095E-04
 0.386444	1.264648E-04
 0.391418	1.244507E-04
 0.396423	1.225586E-04
 0.401398	1.206665E-04
 0.406403	1.188965E-04
 0.411377	1.171570E-04
 0.416351	1.154785E-04
 0.421356	1.138306E-04
 0.426361	1.122437E-04
 0.431335	1.107178E-04
 0.436310	1.091614E-04
 0.441315	1.077271E-04
 0.446320	1.062927E-04
 0.451294	1.048584E-04
 0.456299	1.034546E-04
 0.461273	1.021118E-04
 0.466248	1.007385E-04
 0.471252	9.945679E-05
 0.476227	9.817505E-05
 0.481232	9.692383E-05
 0.486237	9.567261E-05
 0.491211	9.448242E-05
 0.496216	9.329224E-05
 0.501709	9.213257E-05
 0.497437	8.044434E-05
 0.492432	7.595825E-05
 0.487427	7.305908E-05
 0.482422	7.073975E-05
 0.477386	6.875610E-05
 0.472382	6.698608E-05
 0.467407	6.536865E-05
 0.462372	6.384277E-05
 0.457367	6.240845E-05
 0.452362	6.103516E-05
 0.447357	5.972290E-05
 0.442352	5.844116E-05
 0.437347	5.715942E-05
 0.432343	5.596924E-05
 0.427338	5.471802E-05
 0.422333	5.352783E-05
 0.417328	5.236816E-05
 0.412323	5.117798E-05
 0.407318	4.998779E-05
 0.402313	4.885864E-05
 0.397308	4.766235E-05
 0.392303	4.649353E-05
 0.387299	4.528503E-05
 0.382294	4.405518E-05
 0.377289	4.283752E-05
 0.372284	4.159241E-05
 0.367279	4.030457E-05
 0.362274	3.899536E-05
 0.357269	3.765259E-05
 0.352264	3.629456E-05
 0.347260	3.488464E-05
 0.342255	3.342590E-05
 0.337250	3.191528E-05
 0.332245	3.036804E-05
 0.327240	2.875671E-05
 0.322235	2.709656E-05
 0.317230	2.535706E-05
 0.312225	2.353516E-05
 0.307220	2.160339E-05
 0.302216	1.956482E-05
 0.297211	1.742554E-05
 0.292206	1.513672E-05
 0.287201	1.271362E-05
 0.282196	1.010437E-05
 0.277191	7.290649E-06
 0.272186	4.211426E-06
 0.267181	8.816528E-07
 0.262177	-2.767944E-06
 0.257172	-6.768799E-06
 0.252167	-1.118469E-05
 0.247162	-1.605530E-05
 0.242157	-2.148438E-05
 0.237152	-2.739868E-05
 0.232147	-3.396606E-05
 0.227142	-4.118958E-05
 0.222137	-4.916382E-05
 0.217133	-5.786133E-05
 0.212128	-6.729126E-05
 0.207123	-7.748413E-05
 0.202118	-8.850098E-05
 0.197113	-1.001587E-04
 0.192139	-1.124573E-04
 0.187103	-1.251831E-04
 0.182098	-1.383667E-04
 0.177094	-1.517639E-04
 0.172119	-1.651917E-04
 0.167114	-1.784363E-04
 0.162109	-1.912842E-04
 0.157104	-2.034302E-04
 0.152100	-2.146912E-04
 0.147095	-2.247925E-04
 0.142090	-2.334290E-04
 0.137085	-2.404785E-04
 0.132080	-2.456970E-04
 0.127075	-2.492981E-04
 0.122070	-2.503967E-04
 0.117065	-2.496643E-04
 0.112061	-2.468872E-04
 0.107056	-2.423401E-04
 0.102051	-2.361145E-04
 0.097046	-2.288208E-04
 0.092072	-2.208862E-04
 0.087036	-2.127075E-04
 0.082062	-2.044983E-04
 0.077057	-1.964417E-04
 0.072052	-1.887207E-04
 0.067047	-1.814270E-04
 0.062042	-1.744690E-04
 0.057037	-1.680298E-04
 0.052032	-1.620178E-04
 0.047003	-1.564636E-04
 0.042001	-1.512451E-04
 0.036996	-1.464233E-04
 0.031992	-1.419983E-04
 0.026987	-1.377869E-04
 0.021982	-1.339722E-04
 0.016974	-1.302795E-04
 0.011969	-1.268921E-04
 0.006985	-1.236267E-04
 0.001962	-1.208191E-04
 -0.003036	-1.180420E-04
 -0.008044	-1.154480E-04
 -0.013049	-1.129456E-04
 -0.018057	-1.106567E-04
 -0.023062	-1.084900E-04
 -0.028067	-1.064758E-04
 -0.033075	-1.045837E-04
 -0.038074	-1.027222E-04
 -0.043079	-1.010132E-04
 -0.048083	-9.939575E-05
 -0.053040	-9.790039E-05
 -0.058044	-9.643555E-05
 -0.063049	-9.509277E-05
 -0.068054	-9.378052E-05
 -0.073059	-9.255981E-05
 -0.078064	-9.136963E-05
 -0.083069	-9.027100E-05
 -0.088043	-8.920288E-05
 -0.093048	-8.816528E-05
 -0.098053	-8.715820E-05
 -0.103058	-8.624268E-05
 -0.108063	-8.532715E-05
 -0.113068	-8.447266E-05
 -0.118073	-8.367920E-05
 -0.123077	-8.285522E-05
 -0.128082	-8.212280E-05
 -0.133087	-8.139038E-05
 -0.138092	-8.071899E-05
 -0.143097	-8.004761E-05
 -0.148102	-7.943726E-05
 -0.153076	-7.879639E-05
 -0.158081	-7.821655E-05
 -0.163086	-7.766724E-05
 -0.168091	-7.705688E-05
 -0.173096	-7.659912E-05
 -0.178101	-7.608032E-05
 -0.183105	-7.559204E-05
 -0.188110	-7.510376E-05
 -0.193115	-7.467651E-05
 -0.198120	-7.418823E-05
 -0.203125	-7.382202E-05
 -0.208130	-7.342529E-05
 -0.213135	-7.302856E-05
 -0.218140	-7.263184E-05
 -0.223145	-7.232666E-05
 -0.228119	-7.192993E-05
 -0.233124	-7.165527E-05
 -0.238129	-7.131958E-05
 -0.243134	-7.101440E-05
 -0.248138	-7.077026E-05
 -0.253143	-7.049561E-05
 -0.258148	-7.015991E-05
 -0.263153	-6.991577E-05
 -0.268158	-6.967163E-05
 -0.273163	-6.945801E-05
 -0.278168	-6.921387E-05
 -0.283173	-6.903076E-05
 -0.288177	-6.884766E-05
 -0.293152	-6.866455E-05
 -0.298157	-6.854248E-05
 -0.294312	-3.048401E-05
 -0.289307	-2.762756E-05
 -0.284332	-2.672424E-05
 -0.279327	-2.617798E-05
 -0.274323	-2.567749E-05
 -0.269348	-2.526550E-05
 -0.264343	-2.494812E-05
 -0.259338	-2.461853E-05
 -0.254364	-2.426758E-05
 -0.249359	-2.397766E-05
 -0.244354	-2.376404E-05
 -0.239380	-2.350464E-05
 -0.234375	-2.328186E-05
 -0.229401	-2.301025E-05
 -0.224396	-2.282715E-05
 -0.219391	-2.260742E-05
 -0.214417	-2.239075E-05
 -0.209442	-2.217407E-05
 -0.204437	-2.205200E-05
 -0.199432	-2.187195E-05
 -0.194458	-2.167358E-05
 -0.189453	-2.152710E-05
 -0.184448	-2.137756E-05
 -0.179474	-2.120667E-05
 -0.174469	-2.106018E-05
 -0.169495	-2.091675E-05
 -0.164490	-2.076721E-05
 -0.159515	-2.064209E-05
 -0.154510	-2.052612E-05
 -0.149506	-2.040405E-05
 -0.144531	-2.030334E-05
 -0.139557	-2.015991E-05
 -0.134552	-2.002869E-05
 -0.129578	-1.999207E-05
 -0.124573	-1.985168E-05
 -0.119568	-1.968994E-05
 -0.114594	-1.963806E-05
 -0.109589	-1.950684E-05
 -0.104614	-1.937256E-05
 -0.099609	-1.928711E-05
 -0.094635	-1.917725E-05
 -0.089630	-1.906433E-05
 -0.084656	-1.894226E-05
 -0.079651	-1.886597E-05
 -0.074677	-1.871338E-05
 -0.069672	-1.862488E-05
 -0.064697	-1.852417E-05
 -0.059692	-1.838684E-05
 -0.054688	-1.826477E-05
 -0.049713	-1.809998E-05
 -0.044791	-1.796875E-05
 -0.039798	-1.778870E-05
 -0.034805	-1.759033E-05
 -0.029816	-1.740417E-05
 -0.024823	-1.720581E-05
 -0.019833	-1.694336E-05
 -0.014838	-1.667480E-05
 -0.009848	-1.635437E-05
 -0.004843	-1.601257E-05

 Potential	  Scan 3   
 0.000137	-1.567993E-05
 0.005133	-1.522522E-05
 0.010126	-1.491699E-05
 0.015118	-1.419678E-05
 0.020105	-1.358643E-05
 0.025098	-1.290894E-05
 0.030087	-1.214905E-05
 0.035083	-1.123047E-05
 0.040073	-1.020813E-05
 0.045065	-9.042358E-06
 0.050079	-7.666016E-06
 0.055084	-6.048584E-06
 0.060059	-4.161987E-06
 0.065063	-1.977539E-06
 0.070038	6.051636E-07
 0.075043	3.626709E-06
 0.080017	7.156372E-06
 0.085022	1.124878E-05
 0.089996	1.596069E-05
 0.095001	2.143250E-05
 0.099976	2.764893E-05
 0.104980	3.477173E-05
 0.109955	4.282227E-05
 0.114960	5.172729E-05
 0.119934	6.167603E-05
 0.124939	7.260132E-05
 0.129913	8.447266E-05
 0.134918	9.729004E-05
 0.139893	1.108398E-04
 0.144897	1.250610E-04
 0.149872	1.398621E-04
 0.154877	1.550598E-04
 0.159851	1.704712E-04
 0.164856	1.857910E-04
 0.169830	2.009277E-04
 0.174835	2.153931E-04
 0.179810	2.291260E-04
 0.184814	2.418213E-04
 0.189789	2.531128E-04
 0.194794	2.629089E-04
 0.199768	2.709045E-04
 0.204773	2.768860E-04
 0.209747	2.808228E-04
 0.214752	2.826538E-04
 0.219727	2.823792E-04
 0.224731	2.801819E-04
 0.229706	2.762756E-04
 0.234711	2.708740E-04
 0.239685	2.644043E-04
 0.244690	2.571411E-04
 0.249664	2.493286E-04
 0.254669	2.413330E-04
 0.259644	2.332458E-04
 0.264648	2.253723E-04
 0.269623	2.177124E-04
 0.274597	2.104492E-04
 0.279602	2.035522E-04
 0.284576	1.970215E-04
 0.289581	1.908875E-04
 0.294556	1.851501E-04
 0.299561	1.797791E-04
 0.304535	1.747437E-04
 0.309540	1.700439E-04
 0.314545	1.656494E-04
 0.319519	1.614990E-04
 0.324524	1.575928E-04
 0.329498	1.539612E-04
 0.334503	1.505127E-04
 0.339478	1.472778E-04
 0.344452	1.441650E-04
 0.349457	1.412659E-04
 0.354431	1.384583E-04
 0.359436	1.358337E-04
 0.364410	1.333313E-04
 0.369415	1.308899E-04
 0.374390	1.286316E-04
 0.379395	1.264343E-04
 0.384369	1.243286E-04
 0.389374	1.223145E-04
 0.394348	1.203613E-04
 0.399353	1.184998E-04
 0.404327	1.166687E-04
 0.409332	1.149292E-04
 0.414307	1.132507E-04
 0.419312	1.116028E-04
 0.424286	1.099854E-04
 0.429291	1.084595E-04
 0.434265	1.069031E-04
 0.439270	1.054382E-04
 0.444244	1.040039E-04
 0.449249	1.025696E-04
 0.454224	1.011658E-04
 0.459198	9.982300E-05
 0.464203	9.848022E-05
 0.469177	9.716797E-05
 0.474182	9.588623E-05
 0.479156	9.460449E-05
 0.484161	9.341431E-05
 0.489136	9.222412E-05
 0.494141	9.100342E-05
 0.499115	8.987427E-05
 0.500793	8.309937E-05
 0.495331	7.516479E-05
 0.490356	7.177734E-05
 0.485321	6.927490E-05
 0.480316	6.716919E-05
 0.475311	6.533813E-05
 0.470306	6.365967E-05
 0.465302	6.213379E-05
 0.460297	6.066895E-05
 0.455292	5.932617E-05
 0.450287	5.795288E-05
 0.445282	5.670166E-05
 0.440277	5.545044E-05
 0.435272	5.422974E-05
 0.430267	5.303955E-05
 0.425262	5.184937E-05
 0.420258	5.065918E-05
 0.415253	4.949951E-05
 0.410248	4.839172E-05
 0.405243	4.722900E-05
 0.400238	4.607239E-05
 0.395233	4.491272E-05
 0.390228	4.374390E-05
 0.385223	4.255066E-05
 0.380219	4.132385E-05
 0.375214	4.010620E-05
 0.370209	3.886414E-05
 0.365204	3.758545E-05
 0.360199	3.627930E-05
 0.355194	3.494568E-05
 0.350189	3.357239E-05
 0.345184	3.215637E-05
 0.340179	3.071594E-05
 0.335175	2.920837E-05
 0.330170	2.763977E-05
 0.325165	2.601013E-05
 0.320160	2.434692E-05
 0.315155	2.255249E-05
 0.310150	2.071838E-05
 0.305145	1.877747E-05
 0.300140	1.670532E-05
 0.295135	1.452026E-05
 0.290131	1.220398E-05
 0.285126	9.729004E-06
 0.280121	7.049561E-06
 0.275116	4.152832E-06
 0.270111	9.835815E-07
 0.265106	-2.441101E-06
 0.260101	-6.207275E-06
 0.255096	-1.035767E-05
 0.250092	-1.487732E-05
 0.245087	-1.987305E-05
 0.240082	-2.545166E-05
 0.235077	-3.162842E-05
 0.230072	-3.840332E-05
 0.225067	-4.588623E-05
 0.220062	-5.407715E-05
 0.215057	-6.298828E-05
 0.210052	-7.275391E-05
 0.205048	-8.322144E-05
 0.200073	-9.442139E-05
 0.195068	-1.062927E-04
 0.190063	-1.187134E-04
 0.185028	-1.315918E-04
 0.180023	-1.448059E-04
 0.175018	-1.582642E-04
 0.170044	-1.715698E-04
 0.165039	-1.847229E-04
 0.160034	-1.973267E-04
 0.155029	-2.091675E-04
 0.150024	-2.200928E-04
 0.145020	-2.296753E-04
 0.140015	-2.377319E-04
 0.135010	-2.441406E-04
 0.130005	-2.486572E-04
 0.125000	-2.511292E-04
 0.119995	-2.517090E-04
 0.114990	-2.503052E-04
 0.109985	-2.470093E-04
 0.104980	-2.418518E-04
 0.099976	-2.352905E-04
 0.095001	-2.277222E-04
 0.089996	-2.196960E-04
 0.084991	-2.113953E-04
 0.079987	-2.032471E-04
 0.074982	-1.953125E-04
 0.069977	-1.876831E-04
 0.064972	-1.805420E-04
 0.059967	-1.737976E-04
 0.054962	-1.675415E-04
 0.049957	-1.616821E-04
 0.044937	-1.562195E-04
 0.039929	-1.511841E-04
 0.034930	-1.464539E-04
 0.029922	-1.420898E-04
 0.024918	-1.380615E-04
 0.019916	-1.342468E-04
 0.014908	-1.306763E-04
 0.009906	-1.274109E-04
 0.004904	-1.242981E-04
 -0.000101	-1.214294E-04
 -0.005099	-1.186218E-04
 -0.010114	-1.162415E-04
 -0.015118	-1.138000E-04
 -0.020120	-1.115112E-04
 -0.025128	-1.094055E-04
 -0.030133	-1.073608E-04
 -0.035141	-1.055298E-04
 -0.040140	-1.037903E-04
 -0.045148	-1.021118E-04
 -0.050110	-1.004639E-04
 -0.055084	-9.899902E-05
 -0.060089	-9.756470E-05
 -0.065094	-9.619141E-05
 -0.070129	-9.500122E-05
 -0.075104	-9.371948E-05
 -0.080109	-9.255981E-05
 -0.085114	-9.143066E-05
 -0.090118	-9.039307E-05
 -0.095123	-8.941650E-05
 -0.100128	-8.847046E-05
 -0.105133	-8.749390E-05
 -0.110138	-8.660889E-05
 -0.115143	-8.578491E-05
 -0.120117	-8.496094E-05
 -0.125153	-8.416748E-05
 -0.130157	-8.346558E-05
 -0.135132	-8.270264E-05
 -0.140167	-8.206177E-05
 -0.145142	-8.135986E-05
 -0.150146	-8.074951E-05
 -0.155151	-8.013916E-05
 -0.160156	-7.958984E-05
 -0.165161	-7.901001E-05
 -0.170166	-7.843018E-05
 -0.175171	-7.791138E-05
 -0.180176	-7.739258E-05
 -0.185181	-7.693481E-05
 -0.190186	-7.647705E-05
 -0.195190	-7.598877E-05
 -0.200195	-7.556152E-05
 -0.205170	-7.516479E-05
 -0.210175	-7.476807E-05
 -0.215179	-7.440186E-05
 -0.220184	-7.403564E-05
 -0.225189	-7.366943E-05
 -0.230194	-7.333374E-05
 -0.235199	-7.296753E-05
 -0.240204	-7.269287E-05
 -0.245209	-7.238770E-05
 -0.250214	-7.211304E-05
 -0.255219	-7.180786E-05
 -0.260223	-7.156372E-05
 -0.265228	-7.128906E-05
 -0.270203	-7.110596E-05
 -0.275208	-7.089233E-05
 -0.280212	-7.064819E-05
 -0.285217	-7.043457E-05
 -0.290222	-7.025146E-05
 -0.295227	-7.000732E-05
 -0.297974	-6.637573E-05
 -0.292969	-3.013000E-05
 -0.287964	-2.867126E-05
 -0.282990	-2.796631E-05
 -0.277985	-2.739258E-05
 -0.272980	-2.696228E-05
 -0.268005	-2.656250E-05
 -0.263000	-2.619934E-05
 -0.258026	-2.588196E-05
 -0.253021	-2.551575E-05
 -0.248016	-2.528992E-05
 -0.243011	-2.501221E-05
 -0.238037	-2.478638E-05
 -0.233032	-2.456665E-05
 -0.228058	-2.434082E-05
 -0.223053	-2.409668E-05
 -0.218079	-2.388306E-05
 -0.213074	-2.370911E-05
 -0.208099	-2.350769E-05
 -0.203094	-2.330322E-05
 -0.198120	-2.315369E-05
 -0.193115	-2.294922E-05
 -0.188110	-2.284851E-05
 -0.183136	-2.260132E-05
 -0.178131	-2.248840E-05
 -0.173126	-2.235413E-05
 -0.168152	-2.223206E-05
 -0.163147	-2.204895E-05
 -0.158173	-2.196045E-05
 -0.153168	-2.179565E-05
 -0.148193	-2.168884E-05
 -0.143188	-2.158813E-05
 -0.138214	-2.146912E-05
 -0.133209	-2.132874E-05
 -0.128235	-2.120361E-05
 -0.123230	-2.107239E-05
 -0.118225	-2.099304E-05
 -0.113251	-2.083435E-05
 -0.108276	-2.075195E-05
 -0.103271	-2.059326E-05
 -0.098297	-2.051392E-05
 -0.093292	-2.044373E-05
 -0.088318	-2.032166E-05
 -0.083313	-2.023315E-05
 -0.078339	-2.010193E-05
 -0.073334	-1.998291E-05
 -0.068359	-1.984863E-05
 -0.063354	-1.973877E-05
 -0.058350	-1.959229E-05
 -0.053375	-1.945190E-05
 -0.048447	-1.932068E-05
 -0.043457	-1.911926E-05
 -0.038461	-1.898499E-05
 -0.033469	-1.877136E-05
 -0.028473	-1.857910E-05
 -0.023489	-1.835938E-05
 -0.018491	-1.808167E-05
 -0.013504	-1.777954E-05
 -0.008508	-1.748657E-05
 -0.003506	-1.698608E-05

 Potential	  Scan 4   
 0.001477	-1.673889E-05
 0.006479	-1.623840E-05
 0.011459	-1.581726E-05
 0.016449	-1.525574E-05
 0.021442	-1.455383E-05
 0.026431	-1.386414E-05
 0.031427	-1.305237E-05
 0.036414	-1.216736E-05
 0.041403	-1.103210E-05
 0.046399	-9.771729E-06
 0.051422	-8.309937E-06
 0.056396	-6.628418E-06
 0.061401	-4.669495E-06
 0.066406	-2.342224E-06
 0.071381	3.662109E-07
 0.076385	3.549194E-06
 0.081360	7.263184E-06
 0.086334	1.151428E-05
 0.091339	1.650085E-05
 0.096313	2.221375E-05
 0.101318	2.871094E-05
 0.106293	3.610229E-05
 0.111298	4.445190E-05
 0.116302	5.371094E-05
 0.121277	6.399536E-05
 0.126282	7.519531E-05
 0.131256	8.737183E-05
 0.136261	1.004028E-04
 0.141235	1.142578E-04
 0.146240	1.286926E-04
 0.151215	1.436157E-04
 0.156219	1.587830E-04
 0.161194	1.742249E-04
 0.166168	1.895142E-04
 0.171173	2.044678E-04
 0.176147	2.187500E-04
 0.181152	2.321472E-04
 0.186157	2.445068E-04
 0.191132	2.553101E-04
 0.196136	2.645264E-04
 0.201111	2.718506E-04
 0.206116	2.772217E-04
 0.211090	2.804871E-04
 0.216095	2.815552E-04
 0.221069	2.806702E-04
 0.226074	2.778931E-04
 0.231049	2.734070E-04
 0.236053	2.677002E-04
 0.241028	2.608948E-04
 0.246033	2.533875E-04
 0.251007	2.455444E-04
 0.256012	2.374268E-04
 0.260986	2.294617E-04
 0.265991	2.215881E-04
 0.270966	2.141418E-04
 0.275970	2.069397E-04
 0.280945	2.001343E-04
 0.285950	1.937866E-04
 0.290924	1.877747E-04
 0.295929	1.821594E-04
 0.300903	1.768799E-04
 0.305878	1.719971E-04
 0.310883	1.673279E-04
 0.315887	1.630554E-04
 0.320862	1.589661E-04
 0.325867	1.551514E-04
 0.330841	1.515808E-04
 0.335846	1.481628E-04
 0.340820	1.449890E-04
 0.345795	1.419373E-04
 0.350800	1.390686E-04
 0.355804	1.363525E-04
 0.360779	1.337585E-04
 0.365784	1.312561E-04
 0.370758	1.288757E-04
 0.375763	1.266479E-04
 0.380737	1.244812E-04
 0.385712	1.224060E-04
 0.390717	1.204224E-04
 0.395721	1.184998E-04
 0.400696	1.166382E-04
 0.405670	1.148376E-04
 0.410675	1.130981E-04
 0.415649	1.114502E-04
 0.420654	1.098022E-04
 0.425629	1.082153E-04
 0.430634	1.066589E-04
 0.435608	1.051636E-04
 0.440613	1.036987E-04
 0.445587	1.022644E-04
 0.450592	1.008606E-04
 0.455566	9.948730E-05
 0.460571	9.814453E-05
 0.465546	9.680176E-05
 0.470551	9.552002E-05
 0.475525	9.423828E-05
 0.480530	9.301758E-05
 0.485504	9.179688E-05
 0.490509	9.060669E-05
 0.495483	8.941650E-05
 0.500793	8.828735E-05
 0.500488	7.919312E-05
 0.495117	7.327271E-05
 0.490112	7.009888E-05
 0.485107	6.771851E-05
 0.480103	6.570435E-05
 0.475098	6.390381E-05
 0.470093	6.225586E-05
 0.465057	6.076050E-05
 0.460083	5.935669E-05
 0.455048	5.798340E-05
 0.450073	5.670166E-05
 0.445038	5.545044E-05
 0.440033	5.419922E-05
 0.435028	5.300903E-05
 0.430023	5.181885E-05
 0.425018	5.065918E-05
 0.420013	4.949951E-05
 0.415009	4.839783E-05
 0.410004	4.724426E-05
 0.404999	4.610291E-05
 0.399994	4.494019E-05
 0.394989	4.378357E-05
 0.389984	4.260559E-05
 0.384979	4.145203E-05
 0.379974	4.024963E-05
 0.374969	3.902283E-05
 0.369965	3.779602E-05
 0.364960	3.651428E-05
 0.359955	3.522644E-05
 0.354950	3.389282E-05
 0.349976	3.253174E-05
 0.344940	3.112488E-05
 0.339935	2.965088E-05
 0.334961	2.817383E-05
 0.329926	2.663269E-05
 0.324951	2.502441E-05
 0.319916	2.332458E-05
 0.314911	2.154236E-05
 0.309906	1.970215E-05
 0.304901	1.778564E-05
 0.299896	1.573486E-05
 0.294922	1.356201E-05
 0.289886	1.125183E-05
 0.284882	8.755493E-06
 0.279907	6.066895E-06
 0.274872	3.191833E-06
 0.269897	6.011963E-08
 0.264893	-3.363037E-06
 0.259888	-7.125854E-06
 0.254883	-1.126099E-05
 0.249878	-1.580200E-05
 0.244873	-2.083740E-05
 0.239868	-2.632446E-05
 0.234863	-3.248901E-05
 0.229858	-3.927002E-05
 0.224854	-4.673157E-05
 0.219849	-5.496216E-05
 0.214844	-6.381226E-05
 0.209839	-7.354736E-05
 0.204834	-8.404541E-05
 0.199829	-9.524536E-05
 0.194824	-1.070251E-04
 0.189819	-1.194153E-04
 0.184814	-1.322632E-04
 0.179810	-1.455688E-04
 0.174805	-1.589355E-04
 0.169800	-1.722412E-04
 0.164795	-1.853638E-04
 0.159790	-1.979675E-04
 0.154785	-2.098389E-04
 0.149780	-2.206421E-04
 0.144806	-2.301941E-04
 0.139801	-2.383423E-04
 0.134796	-2.446899E-04
 0.129791	-2.492981E-04
 0.124786	-2.516785E-04
 0.119781	-2.523804E-04
 0.114777	-2.509460E-04
 0.109772	-2.476196E-04
 0.104767	-2.425232E-04
 0.099762	-2.359619E-04
 0.094757	-2.284241E-04
 0.089752	-2.203674E-04
 0.084778	-2.121277E-04
 0.079742	-2.039490E-04
 0.074768	-1.960449E-04
 0.069763	-1.884460E-04
 0.064758	-1.812744E-04
 0.059753	-1.744995E-04
 0.054749	-1.682434E-04
 0.049744	-1.623840E-04
 0.044717	-1.569824E-04
 0.039713	-1.518860E-04
 0.034705	-1.472168E-04
 0.029703	-1.428223E-04
 0.024701	-1.387634E-04
 0.019690	-1.350403E-04
 0.014688	-1.314697E-04
 0.009683	-1.281433E-04
 0.004675	-1.251221E-04
 -0.000323	-1.221924E-04
 -0.005322	-1.193542E-04
 -0.010333	-1.169128E-04
 -0.015338	-1.145325E-04
 -0.020343	-1.122742E-04
 -0.025345	-1.101685E-04
 -0.030350	-1.081238E-04
 -0.035358	-1.062622E-04
 -0.040359	-1.045227E-04
 -0.045361	-1.028137E-04
 -0.050323	-1.012268E-04
 -0.055328	-9.970093E-05
 -0.060303	-9.829712E-05
 -0.065338	-9.695435E-05
 -0.070343	-9.564209E-05
 -0.075317	-9.448242E-05
 -0.080322	-9.329224E-05
 -0.085327	-9.216309E-05
 -0.090332	-9.112549E-05
 -0.095337	-9.011841E-05
 -0.100342	-8.914185E-05
 -0.105347	-8.822632E-05
 -0.110352	-8.734131E-05
 -0.115356	-8.648682E-05
 -0.120361	-8.566284E-05
 -0.125366	-8.486938E-05
 -0.130371	-8.416748E-05
 -0.135376	-8.343506E-05
 -0.140350	-8.276367E-05
 -0.145355	-8.206177E-05
 -0.150360	-8.142090E-05
 -0.155365	-8.084106E-05
 -0.160370	-8.026123E-05
 -0.165375	-7.971191E-05
 -0.170380	-7.916260E-05
 -0.175385	-7.861328E-05
 -0.180389	-7.809448E-05
 -0.185394	-7.763672E-05
 -0.190399	-7.714844E-05
 -0.195404	-7.672119E-05
 -0.200378	-7.629395E-05
 -0.205383	-7.583618E-05
 -0.210388	-7.546997E-05
 -0.215393	-7.510376E-05
 -0.220398	-7.470703E-05
 -0.225403	-7.434082E-05
 -0.230408	-7.400513E-05
 -0.235413	-7.366943E-05
 -0.240417	-7.339478E-05
 -0.245392	-7.305908E-05
 -0.250397	-7.278442E-05
 -0.255432	-7.247925E-05
 -0.260406	-7.223511E-05
 -0.265411	-7.199097E-05
 -0.270416	-7.174683E-05
 -0.275421	-7.150269E-05
 -0.280426	-7.131958E-05
 -0.285431	-7.110596E-05
 -0.290436	-7.092285E-05
 -0.295441	-7.070923E-05
 -0.296814	-5.435181E-05
 -0.291809	-3.049316E-05
 -0.286804	-2.929993E-05
 -0.281830	-2.856140E-05
 -0.276825	-2.805176E-05
 -0.271851	-2.760315E-05
 -0.266846	-2.720642E-05
 -0.261841	-2.687073E-05
 -0.256866	-2.654419E-05
 -0.251862	-2.622681E-05
 -0.246857	-2.593384E-05
 -0.241852	-2.569275E-05
 -0.236877	-2.539063E-05
 -0.231873	-2.515869E-05
 -0.226898	-2.498474E-05
 -0.221893	-2.477722E-05
 -0.216919	-2.457275E-05
 -0.211914	-2.437744E-05
 -0.206940	-2.416687E-05
 -0.201935	-2.399292E-05
 -0.196930	-2.380371E-05
 -0.191956	-2.363281E-05
 -0.186951	-2.349854E-05
 -0.181946	-2.331543E-05
 -0.176971	-2.316589E-05
 -0.171967	-2.299194E-05
 -0.166962	-2.286682E-05
 -0.161987	-2.273865E-05
 -0.156982	-2.256775E-05
 -0.152008	-2.245178E-05
 -0.147003	-2.232361E-05
 -0.142029	-2.220459E-05
 -0.137024	-2.208252E-05
 -0.132050	-2.194519E-05
 -0.127045	-2.182922E-05
 -0.122070	-2.174377E-05
 -0.117065	-2.160034E-05
 -0.112061	-2.148132E-05
 -0.107086	-2.138672E-05
 -0.102081	-2.131958E-05
 -0.097107	-2.118530E-05
 -0.092102	-2.105713E-05
 -0.087128	-2.094116E-05
 -0.082123	-2.079773E-05
 -0.077148	-2.070923E-05
 -0.072144	-2.058716E-05
 -0.067169	-2.045593E-05
 -0.062164	-2.034302E-05
 -0.057159	-2.019653E-05
 -0.052185	-2.004700E-05
 -0.047260	-1.990662E-05
 -0.042264	-1.974182E-05
 -0.037274	-1.957397E-05
 -0.032285	-1.934204E-05
 -0.027289	-1.912842E-05
 -0.022299	-1.889954E-05
 -0.017303	-1.863708E-05
 -0.012314	-1.835327E-05
 -0.007324	-1.799927E-05
 -0.002332	-1.767578E-05

 Potential	  Scan 5   
 0.002664	-1.722412E-05
 0.007672	-1.661377E-05
 0.012650	-1.626587E-05
 0.017639	-1.567993E-05
 0.022632	-1.500854E-05
 0.027621	-1.426086E-05
 0.032617	-1.340637E-05
 0.037607	-1.241150E-05
 0.042599	-1.129456E-05
 0.047589	-9.976196E-06
 0.052612	-8.447266E-06
 0.057587	-6.680298E-06
 0.062592	-4.577637E-06
 0.067596	-2.192078E-06
 0.072571	6.387329E-07
 0.077576	3.961792E-06
 0.082550	7.812500E-06
 0.087524	1.231079E-05
 0.092529	1.751709E-05
 0.097534	2.341919E-05
 0.102509	3.013611E-05
 0.107513	3.781433E-05
 0.112488	4.642029E-05
 0.117493	5.599976E-05
 0.122467	6.655884E-05
 0.127472	7.800293E-05
 0.132446	9.048462E-05
 0.137451	1.036987E-04
 0.142426	1.177673E-04
 0.147430	1.323547E-04
 0.152405	1.474304E-04
 0.157410	1.627502E-04
 0.162384	1.781006E-04
 0.167389	1.932678E-04
 0.172363	2.080688E-04
 0.177368	2.221375E-04
 0.182343	2.352295E-04
 0.187347	2.471008E-04
 0.192352	2.574463E-04
 0.197327	2.661438E-04
 0.202332	2.729492E-04
 0.207306	2.776489E-04
 0.212280	2.802734E-04
 0.217285	2.807922E-04
 0.222290	2.792969E-04
 0.227264	2.760315E-04
 0.232269	2.711182E-04
 0.237244	2.650146E-04
 0.242218	2.579956E-04
 0.247223	2.503967E-04
 0.252228	2.424622E-04
 0.257202	2.343750E-04
 0.262207	2.264404E-04
 0.267181	2.187195E-04
 0.272186	2.113037E-04
 0.277161	2.042236E-04
 0.282166	1.975403E-04
 0.287140	1.912537E-04
 0.292114	1.853943E-04
 0.297119	1.799011E-04
 0.302124	1.747131E-04
 0.307098	1.698914E-04
 0.312103	1.653748E-04
 0.317078	1.611023E-04
 0.322083	1.571350E-04
 0.327057	1.534119E-04
 0.332062	1.498413E-04
 0.337036	1.465149E-04
 0.342041	1.433411E-04
 0.347015	1.403809E-04
 0.352020	1.375427E-04
 0.356995	1.348572E-04
 0.362000	1.323242E-04
 0.366974	1.298523E-04
 0.371979	1.275024E-04
 0.376953	1.252747E-04
 0.381958	1.231384E-04
 0.386932	1.210938E-04
 0.391937	1.191101E-04
 0.396912	1.172180E-04
 0.401886	1.153870E-04
 0.406891	1.136169E-04
 0.411896	1.119080E-04
 0.416870	1.102295E-04
 0.421844	1.086121E-04
 0.426849	1.070557E-04
 0.431824	1.054993E-04
 0.436829	1.040039E-04
 0.441833	1.025696E-04
 0.446808	1.011353E-04
 0.451813	9.973145E-05
 0.456787	9.835815E-05
 0.461792	9.704590E-05
 0.466766	9.570313E-05
 0.471741	9.442139E-05
 0.476746	9.317017E-05
 0.481720	9.194946E-05
 0.486725	9.072876E-05
 0.491730	8.953857E-05
 0.496704	8.840942E-05
 0.502014	8.728027E-05
 0.498260	7.601929E-05
 0.493256	7.153320E-05
 0.488251	6.869507E-05
 0.483246	6.643677E-05
 0.478210	6.451416E-05
 0.473236	6.280518E-05
 0.468231	6.121826E-05
 0.463226	5.975342E-05
 0.458221	5.834961E-05
 0.453217	5.703735E-05
 0.448212	5.575562E-05
 0.443207	5.450439E-05
 0.438202	5.328369E-05
 0.433167	5.212402E-05
 0.428162	5.093384E-05
 0.423157	4.974365E-05
 0.418152	4.865417E-05
 0.413177	4.752502E-05
 0.408142	4.638062E-05
 0.403168	4.522400E-05
 0.398163	4.408264E-05
 0.393127	4.292297E-05
 0.388153	4.176331E-05
 0.383118	4.057312E-05
 0.378143	3.939514E-05
 0.373138	3.816223E-05
 0.368103	3.692017E-05
 0.363129	3.565063E-05
 0.358124	3.434143E-05
 0.353119	3.299561E-05
 0.348114	3.163147E-05
 0.343109	3.021545E-05
 0.338104	2.875671E-05
 0.333099	2.721863E-05
 0.328094	2.565308E-05
 0.323090	2.404175E-05
 0.318085	2.233887E-05
 0.313080	2.055359E-05
 0.308044	1.867065E-05
 0.303070	1.668701E-05
 0.298065	1.459961E-05
 0.293060	1.237793E-05
 0.288055	1.004028E-05
 0.283051	7.492065E-06
 0.278046	4.739380E-06
 0.273041	1.755066E-06
 0.268036	-1.452332E-06
 0.263031	-4.974365E-06
 0.258026	-8.847046E-06
 0.253021	-1.307373E-05
 0.248016	-1.778259E-05
 0.243011	-2.297058E-05
 0.238007	-2.864990E-05
 0.233002	-3.499146E-05
 0.227997	-4.197998E-05
 0.222992	-4.965210E-05
 0.217987	-5.807495E-05
 0.212982	-6.719971E-05
 0.208008	-7.711792E-05
 0.203003	-8.782959E-05
 0.197998	-9.915161E-05
 0.192993	-1.112061E-04
 0.187988	-1.238098E-04
 0.182953	-1.367493E-04
 0.177979	-1.500854E-04
 0.172974	-1.634521E-04
 0.167969	-1.767578E-04
 0.162964	-1.896973E-04
 0.157959	-2.020264E-04
 0.152954	-2.136230E-04
 0.147949	-2.240295E-04
 0.142944	-2.331543E-04
 0.137939	-2.407227E-04
 0.132935	-2.465210E-04
 0.127930	-2.504578E-04
 0.122925	-2.523499E-04
 0.117920	-2.523499E-04
 0.112915	-2.502747E-04
 0.107941	-2.463989E-04
 0.102936	-2.407532E-04
 0.097931	-2.338867E-04
 0.092926	-2.261047E-04
 0.087921	-2.179871E-04
 0.082916	-2.097473E-04
 0.077911	-2.016296E-04
 0.072906	-1.938171E-04
 0.067902	-1.864014E-04
 0.062897	-1.793823E-04
 0.057892	-1.727905E-04
 0.052887	-1.665955E-04
 0.047882	-1.608887E-04
 0.042874	-1.556091E-04
 0.037872	-1.506653E-04
 0.032870	-1.460571E-04
 0.027866	-1.418152E-04
 0.022858	-1.378784E-04
 0.017853	-1.341858E-04
 0.012848	-1.306763E-04
 0.007861	-1.274414E-04
 0.002844	-1.244812E-04
 -0.002164	-1.216125E-04
 -0.007169	-1.190491E-04
 -0.012170	-1.164551E-04
 -0.017175	-1.141357E-04
 -0.022177	-1.119080E-04
 -0.027185	-1.098022E-04
 -0.032184	-1.078491E-04
 -0.037192	-1.060486E-04
 -0.042194	-1.042480E-04
 -0.047198	-1.026001E-04
 -0.052155	-1.010437E-04
 -0.057159	-9.960938E-05
 -0.062164	-9.817505E-05
 -0.067169	-9.686279E-05
 -0.072174	-9.558105E-05
 -0.077179	-9.439087E-05
 -0.082153	-9.326172E-05
 -0.087158	-9.216309E-05
 -0.092163	-9.112549E-05
 -0.097168	-9.014893E-05
 -0.102173	-8.917236E-05
 -0.107178	-8.825684E-05
 -0.112183	-8.737183E-05
 -0.117188	-8.657837E-05
 -0.122192	-8.578491E-05
 -0.127197	-8.496094E-05
 -0.132202	-8.425903E-05
 -0.137207	-8.352661E-05
 -0.142181	-8.291626E-05
 -0.147186	-8.221436E-05
 -0.152191	-8.154297E-05
 -0.157196	-8.102417E-05
 -0.162201	-8.038330E-05
 -0.167206	-7.983398E-05
 -0.172211	-7.928467E-05
 -0.177216	-7.879639E-05
 -0.182220	-7.830811E-05
 -0.187225	-7.778931E-05
 -0.192230	-7.733154E-05
 -0.197235	-7.687378E-05
 -0.202209	-7.647705E-05
 -0.207214	-7.608032E-05
 -0.212219	-7.565308E-05
 -0.217224	-7.525635E-05
 -0.222229	-7.489014E-05
 -0.227234	-7.455444E-05
 -0.232239	-7.424927E-05
 -0.237244	-7.391357E-05
 -0.242249	-7.357788E-05
 -0.247253	-7.330322E-05
 -0.252228	-7.299805E-05
 -0.257233	-7.272339E-05
 -0.262238	-7.247925E-05
 -0.267242	-7.226563E-05
 -0.272247	-7.199097E-05
 -0.277252	-7.180786E-05
 -0.282257	-7.153320E-05
 -0.287262	-7.138062E-05
 -0.292267	-7.116699E-05
 -0.296143	-7.101440E-05
 -0.291138	-3.171997E-05
 -0.286133	-3.004761E-05
 -0.281128	-2.929382E-05
 -0.276154	-2.872620E-05
 -0.271149	-2.827759E-05
 -0.266144	-2.786865E-05
 -0.261169	-2.749329E-05
 -0.256165	-2.711182E-05
 -0.251160	-2.680664E-05
 -0.246185	-2.649536E-05
 -0.241180	-2.625427E-05
 -0.236176	-2.601318E-05
 -0.231201	-2.578430E-05
 -0.226196	-2.547913E-05
 -0.221222	-2.527466E-05
 -0.216217	-2.510681E-05
 -0.211243	-2.492981E-05
 -0.206238	-2.474365E-05
 -0.201233	-2.454224E-05
 -0.196259	-2.433472E-05
 -0.191254	-2.413635E-05
 -0.186279	-2.400818E-05
 -0.181274	-2.382813E-05
 -0.176270	-2.369080E-05
 -0.171295	-2.354431E-05
 -0.166290	-2.337341E-05
 -0.161316	-2.321167E-05
 -0.156311	-2.307434E-05
 -0.151337	-2.298889E-05
 -0.146332	-2.286072E-05
 -0.141327	-2.268372E-05
 -0.136353	-2.257996E-05
 -0.131348	-2.241821E-05
 -0.126373	-2.233276E-05
 -0.121368	-2.218933E-05
 -0.116394	-2.208862E-05
 -0.111389	-2.196960E-05
 -0.106384	-2.184753E-05
 -0.101410	-2.174072E-05
 -0.096436	-2.162476E-05
 -0.091431	-2.150574E-05
 -0.086426	-2.140503E-05
 -0.081451	-2.129517E-05
 -0.076447	-2.117920E-05
 -0.071472	-2.102051E-05
 -0.066467	-2.091370E-05
 -0.061493	-2.078247E-05
 -0.056488	-2.062073E-05
 -0.051514	-2.049561E-05
 -0.046576	-2.032471E-05
 -0.041586	-2.016296E-05
 -0.036591	-1.998596E-05
 -0.031601	-1.976318E-05
 -0.026608	-1.955566E-05
 -0.021616	-1.928711E-05
 -0.016620	-1.897888E-05
 -0.011630	-1.870422E-05
 -0.006635	-1.841125E-05
 -0.001648	-1.811523E-05
