Date: 15-08-25
Time: 14:50:06 PM

Exp. Conditions:
Cyclic voltammetry
Start potential (V) = .0000
First vertex potential (V) = .5000
Second vertex potential (V) = -.3000
Step potential (V) = .00500
Scan rate (V/s) = .19995
Equilibration time (s) = 
Number of Data Points =  320 

 Potential	  Scan 1   
 0.002121	-9.387207E-06
 0.009607	-8.013916E-06
 0.014584	-7.617188E-06
 0.019562	-7.305908E-06
 0.024539	-6.982422E-06
 0.029517	-6.515503E-06
 0.034494	-6.045532E-06
 0.039468	-5.523682E-06
 0.044446	-4.882813E-06
 0.049408	-4.140320E-06
 0.054413	-3.279419E-06
 0.059387	-2.267151E-06
 0.064362	-1.058350E-06
 0.069336	3.732300E-07
 0.074310	2.134399E-06
 0.079285	4.140625E-06
 0.084259	6.454468E-06
 0.089233	9.170532E-06
 0.094208	1.235046E-05
 0.099213	1.603394E-05
 0.104156	2.017212E-05
 0.109131	2.496033E-05
 0.114136	3.041382E-05
 0.119080	3.636475E-05
 0.124084	4.308472E-05
 0.129059	5.032349E-05
 0.134033	5.819702E-05
 0.139008	6.671143E-05
 0.143982	7.589722E-05
 0.148926	8.486938E-05
 0.153931	9.411621E-05
 0.158905	1.033325E-04
 0.163879	1.123047E-04
 0.168854	1.209412E-04
 0.173828	1.288452E-04
 0.178802	1.359253E-04
 0.183777	1.420898E-04
 0.188751	1.470032E-04
 0.193726	1.507568E-04
 0.198700	1.530457E-04
 0.203674	1.541138E-04
 0.208649	1.538391E-04
 0.213623	1.525269E-04
 0.218597	1.501770E-04
 0.223572	1.470642E-04
 0.228546	1.433411E-04
 0.233521	1.392517E-04
 0.238495	1.349182E-04
 0.243469	1.304932E-04
 0.248444	1.260376E-04
 0.253418	1.217346E-04
 0.258392	1.176147E-04
 0.263367	1.136169E-04
 0.268311	1.098633E-04
 0.273285	1.063232E-04
 0.278259	1.029358E-04
 0.283234	9.982300E-05
 0.288208	9.686279E-05
 0.293182	9.411621E-05
 0.298157	9.155273E-05
 0.303131	8.914185E-05
 0.308105	8.688354E-05
 0.313080	8.477783E-05
 0.318085	8.276367E-05
 0.323029	8.087158E-05
 0.328003	7.910156E-05
 0.332977	7.742310E-05
 0.337952	7.583618E-05
 0.342926	7.434082E-05
 0.347900	7.287598E-05
 0.352875	7.153320E-05
 0.357849	7.022095E-05
 0.362823	6.896973E-05
 0.367798	6.777954E-05
 0.372772	6.661987E-05
 0.377747	6.552124E-05
 0.382721	6.445313E-05
 0.387695	6.344604E-05
 0.392670	6.243896E-05
 0.397644	6.149292E-05
 0.402618	6.054688E-05
 0.407593	5.966187E-05
 0.412567	5.877686E-05
 0.417511	5.792236E-05
 0.422485	5.709839E-05
 0.427460	5.627441E-05
 0.432434	5.548096E-05
 0.437408	5.471802E-05
 0.442383	5.395508E-05
 0.447357	5.322266E-05
 0.452332	5.249023E-05
 0.457306	5.175781E-05
 0.462280	5.108643E-05
 0.467255	5.038452E-05
 0.472229	4.971313E-05
 0.477203	4.909363E-05
 0.482178	4.845886E-05
 0.487152	4.782410E-05
 0.492126	4.722290E-05
 0.497101	4.662781E-05
 0.499298	4.476318E-05
 0.494293	4.040833E-05
 0.489258	3.892822E-05
 0.484253	3.781433E-05
 0.479248	3.688660E-05
 0.474213	3.605957E-05
 0.469208	3.528748E-05
 0.464203	3.456726E-05
 0.459167	3.389587E-05
 0.454163	3.323975E-05
 0.449158	3.261719E-05
 0.444122	3.199463E-05
 0.439117	3.140869E-05
 0.434082	3.082275E-05
 0.429077	3.025208E-05
 0.424072	2.968445E-05
 0.419067	2.912903E-05
 0.414032	2.857361E-05
 0.409027	2.801819E-05
 0.404022	2.746582E-05
 0.398987	2.691040E-05
 0.393982	2.635498E-05
 0.388977	2.580872E-05
 0.383942	2.524414E-05
 0.378937	2.467651E-05
 0.373932	2.410583E-05
 0.368896	2.353516E-05
 0.363892	2.295227E-05
 0.358887	2.235413E-05
 0.353851	2.174683E-05
 0.348846	2.113342E-05
 0.343842	2.048950E-05
 0.338837	1.983948E-05
 0.333832	1.914673E-05
 0.328796	1.846924E-05
 0.323792	1.774597E-05
 0.318787	1.701965E-05
 0.313782	1.622314E-05
 0.308746	1.540222E-05
 0.303741	1.454163E-05
 0.298737	1.359558E-05
 0.293732	1.261902E-05
 0.288696	1.156006E-05
 0.283691	1.040649E-05
 0.278687	9.146118E-06
 0.273682	7.736206E-06
 0.268646	6.204224E-06
 0.263641	4.492188E-06
 0.258636	2.584534E-06
 0.253601	4.284668E-07
 0.248596	-1.973877E-06
 0.243591	-4.711914E-06
 0.238556	-7.812500E-06
 0.233551	-1.130676E-05
 0.228546	-1.521606E-05
 0.223541	-1.964111E-05
 0.218536	-2.457275E-05
 0.213501	-3.006592E-05
 0.208496	-3.605957E-05
 0.203491	-4.268494E-05
 0.198486	-4.968262E-05
 0.193451	-5.737305E-05
 0.188446	-6.530762E-05
 0.183411	-7.366943E-05
 0.178406	-8.212280E-05
 0.173401	-9.066772E-05
 0.168396	-9.884644E-05
 0.163391	-1.069641E-04
 0.158356	-1.144409E-04
 0.153351	-1.211243E-04
 0.148346	-1.268921E-04
 0.143341	-1.315613E-04
 0.138336	-1.351624E-04
 0.133301	-1.374512E-04
 0.128296	-1.383362E-04
 0.123291	-1.380615E-04
 0.118286	-1.365356E-04
 0.113281	-1.339722E-04
 0.108246	-1.304932E-04
 0.103241	-1.264648E-04
 0.098236	-1.222534E-04
 0.093231	-1.177368E-04
 0.088226	-1.131592E-04
 0.083191	-1.087646E-04
 0.078186	-1.044617E-04
 0.073181	-1.004028E-04
 0.068176	-9.652710E-05
 0.063171	-9.292603E-05
 0.058136	-8.953857E-05
 0.053131	-8.639526E-05
 0.048114	-8.337402E-05
 0.043100	-8.068848E-05
 0.038089	-7.815552E-05
 0.033078	-7.577515E-05
 0.028064	-7.351685E-05
 0.023053	-7.147217E-05
 0.018042	-6.951904E-05
 0.013028	-6.771851E-05
 0.008026	-6.604004E-05
 0.003003	-6.448364E-05
 -0.002008	-6.292725E-05
 -0.007019	-6.158447E-05
 -0.012033	-6.024170E-05
 -0.017047	-5.895996E-05
 -0.022061	-5.783081E-05
 -0.027072	-5.670166E-05
 -0.032083	-5.566406E-05
 -0.037094	-5.468750E-05
 -0.042105	-5.374146E-05
 -0.047116	-5.285645E-05
 -0.052063	-5.200195E-05
 -0.057098	-5.117798E-05
 -0.062103	-5.041504E-05
 -0.067108	-4.974365E-05
 -0.072113	-4.898682E-05
 -0.077148	-4.833984E-05
 -0.082153	-4.769287E-05
 -0.087158	-4.708557E-05
 -0.092163	-4.653015E-05
 -0.097168	-4.597473E-05
 -0.102173	-4.544983E-05
 -0.107178	-4.492493E-05
 -0.112213	-4.445190E-05
 -0.117218	-4.397888E-05
 -0.122223	-4.353333E-05
 -0.127228	-4.309387E-05
 -0.132233	-4.268188E-05
 -0.137238	-4.226990E-05
 -0.142273	-4.180908E-05
 -0.147278	-4.147949E-05
 -0.152283	-4.108887E-05
 -0.157288	-4.075928E-05
 -0.162292	-4.042664E-05
 -0.167297	-4.010010E-05
 -0.172333	-3.976135E-05
 -0.177338	-3.946533E-05
 -0.182343	-3.916931E-05
 -0.187347	-3.888550E-05
 -0.192352	-3.858337E-05
 -0.197357	-3.833618E-05
 -0.202393	-3.803101E-05
 -0.207367	-3.780518E-05
 -0.212372	-3.755798E-05
 -0.217407	-3.734131E-05
 -0.222412	-3.712769E-05
 -0.227417	-3.692627E-05
 -0.232422	-3.666687E-05
 -0.237427	-3.648987E-05
 -0.242432	-3.627930E-05
 -0.247467	-3.611755E-05
 -0.252472	-3.592529E-05
 -0.257477	-3.575134E-05
 -0.262482	-3.556824E-05
 -0.267487	-3.535767E-05
 -0.272491	-3.519592E-05
 -0.277496	-3.511963E-05
 -0.282501	-3.494873E-05
 -0.287506	-3.483582E-05
 -0.292511	-3.466492E-05
 -0.297516	-3.461914E-05
 -0.293823	-2.096252E-05
 -0.288849	-2.044678E-05
 -0.283844	-2.005615E-05
 -0.278870	-1.976929E-05
 -0.273895	-1.953125E-05
 -0.268921	-1.930847E-05
 -0.263947	-1.907043E-05
 -0.258942	-1.893616E-05
 -0.253967	-1.871643E-05
 -0.248993	-1.857300E-05
 -0.244019	-1.839600E-05
 -0.239044	-1.822205E-05
 -0.234070	-1.807556E-05
 -0.229065	-1.791992E-05
 -0.224091	-1.777649E-05
 -0.219116	-1.763611E-05
 -0.214142	-1.750183E-05
 -0.209167	-1.738586E-05
 -0.204193	-1.725769E-05
 -0.199219	-1.714478E-05
 -0.194244	-1.701355E-05
 -0.189240	-1.687927E-05
 -0.184265	-1.676025E-05
 -0.179291	-1.669617E-05
 -0.174316	-1.656799E-05
 -0.169342	-1.646423E-05
 -0.164337	-1.635742E-05
 -0.159363	-1.626282E-05
 -0.154388	-1.615601E-05
 -0.149414	-1.605530E-05
 -0.144440	-1.598206E-05
 -0.139465	-1.589050E-05
 -0.134491	-1.576538E-05
 -0.129517	-1.571655E-05
 -0.124512	-1.559448E-05
 -0.119537	-1.551819E-05
 -0.114594	-1.545715E-05
 -0.109589	-1.541443E-05
 -0.104645	-1.530762E-05
 -0.099640	-1.521606E-05
 -0.094666	-1.514587E-05
 -0.089691	-1.501160E-05
 -0.084717	-1.495972E-05
 -0.079742	-1.488037E-05
 -0.074768	-1.483154E-05
 -0.069794	-1.469116E-05
 -0.064789	-1.461487E-05
 -0.059814	-1.454163E-05
 -0.054840	-1.442871E-05
 -0.049866	-1.435242E-05
 -0.044952	-1.424255E-05
 -0.039972	-1.412354E-05
 -0.034995	-1.404724E-05
 -0.030011	-1.392822E-05
 -0.025040	-1.378784E-05
 -0.020062	-1.365356E-05
 -0.015091	-1.349182E-05
 -0.010114	-1.332703E-05
 -0.005127	-1.313477E-05
 -0.000156	-1.292419E-05

 Potential	  Scan 2   
 0.004822	-1.270142E-05
 0.009802	-1.250000E-05
 0.014780	-1.212769E-05
 0.019757	-1.180725E-05
 0.024734	-1.141968E-05
 0.029712	-1.098633E-05
 0.034689	-1.049194E-05
 0.039670	-9.915161E-06
 0.044650	-9.228516E-06
 0.049591	-8.471680E-06
 0.054596	-7.531738E-06
 0.059570	-6.469727E-06
 0.064545	-5.221558E-06
 0.069519	-3.762817E-06
 0.074493	-1.977234E-06
 0.079468	4.028320E-08
 0.084442	2.474670E-06
 0.089417	5.276489E-06
 0.094391	8.584595E-06
 0.099365	1.231995E-05
 0.104340	1.663208E-05
 0.109314	2.154236E-05
 0.114288	2.706909E-05
 0.119293	3.332520E-05
 0.124268	4.009094E-05
 0.129242	4.757996E-05
 0.134216	5.557251E-05
 0.139191	6.402588E-05
 0.144165	7.296753E-05
 0.149139	8.215332E-05
 0.154114	9.140015E-05
 0.159088	1.006165E-04
 0.164063	1.095581E-04
 0.169037	1.181946E-04
 0.174011	1.260071E-04
 0.178986	1.330872E-04
 0.183960	1.390686E-04
 0.188934	1.439819E-04
 0.193909	1.474609E-04
 0.198883	1.496582E-04
 0.203857	1.506042E-04
 0.208832	1.501465E-04
 0.213806	1.488037E-04
 0.218781	1.463928E-04
 0.223755	1.433411E-04
 0.228729	1.395874E-04
 0.233704	1.354675E-04
 0.238678	1.311340E-04
 0.243652	1.267395E-04
 0.248627	1.223145E-04
 0.253601	1.180725E-04
 0.258575	1.139221E-04
 0.263580	1.099854E-04
 0.268524	1.061707E-04
 0.273499	1.026611E-04
 0.278473	9.936523E-05
 0.283447	9.625244E-05
 0.288422	9.332275E-05
 0.293396	9.057617E-05
 0.298370	8.801270E-05
 0.303345	8.563232E-05
 0.308319	8.337402E-05
 0.313293	8.123779E-05
 0.318268	7.925415E-05
 0.323242	7.736206E-05
 0.328217	7.559204E-05
 0.333221	7.394409E-05
 0.338165	7.232666E-05
 0.343170	7.083130E-05
 0.348114	6.942749E-05
 0.353088	6.802368E-05
 0.358063	6.671143E-05
 0.363037	6.549072E-05
 0.368011	6.427002E-05
 0.372986	6.314087E-05
 0.377960	6.204224E-05
 0.382935	6.100464E-05
 0.387909	5.999756E-05
 0.392883	5.902100E-05
 0.397858	5.807495E-05
 0.402832	5.715942E-05
 0.407806	5.627441E-05
 0.412781	5.541992E-05
 0.417755	5.459595E-05
 0.422729	5.380249E-05
 0.427704	5.300903E-05
 0.432678	5.224609E-05
 0.437653	5.148315E-05
 0.442627	5.078125E-05
 0.447601	5.004883E-05
 0.452576	4.939575E-05
 0.457550	4.872131E-05
 0.462494	4.805908E-05
 0.467468	4.741211E-05
 0.472443	4.679260E-05
 0.477417	4.617310E-05
 0.482391	4.558411E-05
 0.487366	4.499512E-05
 0.492340	4.443359E-05
 0.497314	4.387817E-05
 0.498566	4.084473E-05
 0.493530	3.769531E-05
 0.488525	3.634949E-05
 0.483521	3.533020E-05
 0.478516	3.446350E-05
 0.473480	3.367615E-05
 0.468445	3.295288E-05
 0.463440	3.228149E-05
 0.458435	3.163757E-05
 0.453430	3.102112E-05
 0.448395	3.043518E-05
 0.443390	2.985229E-05
 0.438385	2.928772E-05
 0.433350	2.872925E-05
 0.428345	2.818909E-05
 0.423340	2.764893E-05
 0.418335	2.713318E-05
 0.413330	2.656555E-05
 0.408325	2.606812E-05
 0.403320	2.552795E-05
 0.398285	2.499084E-05
 0.393280	2.448120E-05
 0.388275	2.393188E-05
 0.383270	2.339783E-05
 0.378235	2.285461E-05
 0.373230	2.228699E-05
 0.368225	2.173767E-05
 0.363190	2.115173E-05
 0.358215	2.059326E-05
 0.353180	1.997070E-05
 0.348175	1.939087E-05
 0.343170	1.876526E-05
 0.338165	1.816406E-05
 0.333160	1.748657E-05
 0.328125	1.678162E-05
 0.323120	1.609497E-05
 0.318115	1.535950E-05
 0.313110	1.457520E-05
 0.308075	1.378479E-05
 0.303070	1.290894E-05
 0.298065	1.201172E-05
 0.293060	1.102905E-05
 0.288055	9.963989E-06
 0.283020	8.804321E-06
 0.278015	7.534790E-06
 0.273010	6.155396E-06
 0.268005	4.598999E-06
 0.263000	2.927246E-06
 0.257996	9.991455E-07
 0.252960	-1.156921E-06
 0.247955	-3.599854E-06
 0.242950	-6.314087E-06
 0.237946	-9.417725E-06
 0.232941	-1.292419E-05
 0.227905	-1.687317E-05
 0.222900	-2.130127E-05
 0.217896	-2.625732E-05
 0.212891	-3.175964E-05
 0.207886	-3.779297E-05
 0.202881	-4.435730E-05
 0.197845	-5.145264E-05
 0.192841	-5.908203E-05
 0.187836	-6.701660E-05
 0.182831	-7.531738E-05
 0.177826	-8.370972E-05
 0.172791	-9.219360E-05
 0.167786	-1.004333E-04
 0.162781	-1.083984E-04
 0.157776	-1.157532E-04
 0.152771	-1.224060E-04
 0.147736	-1.280212E-04
 0.142731	-1.326599E-04
 0.137726	-1.361084E-04
 0.132721	-1.382751E-04
 0.127716	-1.391296E-04
 0.122711	-1.387634E-04
 0.117676	-1.371765E-04
 0.112671	-1.344604E-04
 0.107666	-1.309509E-04
 0.102661	-1.268311E-04
 0.097656	-1.225891E-04
 0.092651	-1.181030E-04
 0.087616	-1.136475E-04
 0.082642	-1.091919E-04
 0.077606	-1.049805E-04
 0.072601	-1.008911E-04
 0.067596	-9.710693E-05
 0.062592	-9.350586E-05
 0.057587	-9.014893E-05
 0.052582	-8.700562E-05
 0.047552	-8.407593E-05
 0.042542	-8.132935E-05
 0.037531	-7.882690E-05
 0.032523	-7.644653E-05
 0.027509	-7.421875E-05
 0.022501	-7.217407E-05
 0.017490	-7.025146E-05
 0.012482	-6.845093E-05
 0.007462	-6.680298E-05
 0.002435	-6.521606E-05
 -0.002576	-6.369019E-05
 -0.007587	-6.234741E-05
 -0.012601	-6.097412E-05
 -0.017612	-5.975342E-05
 -0.022623	-5.856323E-05
 -0.027634	-5.746460E-05
 -0.032645	-5.639648E-05
 -0.037659	-5.545044E-05
 -0.042664	-5.447388E-05
 -0.047665	-5.358887E-05
 -0.052643	-5.276489E-05
 -0.057617	-5.191040E-05
 -0.062622	-5.120850E-05
 -0.067657	-5.047607E-05
 -0.072662	-4.974365E-05
 -0.077667	-4.908447E-05
 -0.082672	-4.845581E-05
 -0.087677	-4.781189E-05
 -0.092682	-4.723816E-05
 -0.097687	-4.667358E-05
 -0.102692	-4.615479E-05
 -0.107697	-4.563904E-05
 -0.112701	-4.512634E-05
 -0.117706	-4.465332E-05
 -0.122742	-4.420166E-05
 -0.127747	-4.375305E-05
 -0.132751	-4.333191E-05
 -0.137756	-4.291992E-05
 -0.142761	-4.254456E-05
 -0.147766	-4.216003E-05
 -0.152771	-4.182739E-05
 -0.157776	-4.141846E-05
 -0.162811	-4.112549E-05
 -0.167786	-4.069824E-05
 -0.172821	-4.047852E-05
 -0.177826	-4.013672E-05
 -0.182831	-3.981934E-05
 -0.187866	-3.950195E-05
 -0.192871	-3.926697E-05
 -0.197876	-3.896790E-05
 -0.202881	-3.871460E-05
 -0.207886	-3.842468E-05
 -0.212891	-3.820190E-05
 -0.217896	-3.795166E-05
 -0.222900	-3.776245E-05
 -0.227905	-3.751526E-05
 -0.232941	-3.730774E-05
 -0.237946	-3.712158E-05
 -0.242950	-3.689270E-05
 -0.247955	-3.667908E-05
 -0.252960	-3.650513E-05
 -0.257965	-3.633118E-05
 -0.262970	-3.623657E-05
 -0.267975	-3.599854E-05
 -0.273010	-3.585815E-05
 -0.278015	-3.570557E-05
 -0.282990	-3.555908E-05
 -0.288025	-3.540649E-05
 -0.293030	-3.529053E-05
 -0.298035	-3.511963E-05
 -0.294403	-2.156982E-05
 -0.289429	-2.103577E-05
 -0.284424	-2.065735E-05
 -0.279449	-2.037048E-05
 -0.274475	-2.011719E-05
 -0.269501	-1.987610E-05
 -0.264526	-1.967163E-05
 -0.259552	-1.947632E-05
 -0.254578	-1.926270E-05
 -0.249573	-1.911621E-05
 -0.244598	-1.893616E-05
 -0.239624	-1.874390E-05
 -0.234650	-1.863708E-05
 -0.229645	-1.846313E-05
 -0.224701	-1.831665E-05
 -0.219696	-1.829224E-05
 -0.214722	-1.803589E-05
 -0.209747	-1.791077E-05
 -0.204773	-1.780396E-05
 -0.199799	-1.764832E-05
 -0.194824	-1.751099E-05
 -0.189850	-1.743774E-05
 -0.184845	-1.730957E-05
 -0.179871	-1.720276E-05
 -0.174896	-1.709900E-05
 -0.169922	-1.695251E-05
 -0.164948	-1.686707E-05
 -0.159973	-1.676636E-05
 -0.154999	-1.665649E-05
 -0.149994	-1.656799E-05
 -0.145050	-1.645813E-05
 -0.140076	-1.637878E-05
 -0.135071	-1.628113E-05
 -0.130096	-1.622314E-05
 -0.125153	-1.617737E-05
 -0.120178	-1.601868E-05
 -0.115204	-1.594238E-05
 -0.110199	-1.584473E-05
 -0.105225	-1.577148E-05
 -0.100281	-1.567688E-05
 -0.095276	-1.560059E-05
 -0.090302	-1.551208E-05
 -0.085327	-1.545105E-05
 -0.080353	-1.534729E-05
 -0.075378	-1.526794E-05
 -0.070404	-1.517029E-05
 -0.065430	-1.510620E-05
 -0.060455	-1.499939E-05
 -0.055481	-1.490479E-05
 -0.050476	-1.476440E-05
 -0.045563	-1.469727E-05
 -0.040591	-1.464233E-05
 -0.035590	-1.454468E-05
 -0.030612	-1.436462E-05
 -0.025638	-1.421814E-05
 -0.020654	-1.408081E-05
 -0.015680	-1.392517E-05
 -0.010703	-1.376343E-05
 -0.005719	-1.357727E-05
 -0.000745	-1.339417E-05

 Potential	  Scan 3   
 0.004233	-1.313171E-05
 0.009210	-1.292114E-05
 0.014188	-1.260986E-05
 0.019168	-1.226501E-05
 0.024142	-1.187439E-05
 0.029120	-1.144409E-05
 0.034097	-1.094360E-05
 0.039078	-1.038208E-05
 0.044055	-9.716797E-06
 0.049036	-8.926392E-06
 0.054016	-8.041382E-06
 0.058990	-6.954956E-06
 0.063995	-5.725098E-06
 0.068970	-4.272461E-06
 0.073944	-2.547607E-06
 0.078918	-4.946899E-07
 0.083893	1.857300E-06
 0.088867	4.650879E-06
 0.093842	7.852173E-06
 0.098816	1.155396E-05
 0.103790	1.580811E-05
 0.108765	2.059021E-05
 0.113739	2.607727E-05
 0.118713	3.108521E-05
 0.123688	3.839722E-05
 0.128662	4.587402E-05
 0.133636	5.377197E-05
 0.138641	6.225586E-05
 0.143616	7.110596E-05
 0.148590	8.029175E-05
 0.153564	8.963013E-05
 0.158539	9.884644E-05
 0.163513	1.078796E-04
 0.168488	1.164856E-04
 0.173431	1.243896E-04
 0.178436	1.315613E-04
 0.183411	1.376648E-04
 0.188385	1.426697E-04
 0.193359	1.463013E-04
 0.198334	1.488647E-04
 0.203308	1.499329E-04
 0.208282	1.497803E-04
 0.213257	1.484680E-04
 0.218231	1.462097E-04
 0.223206	1.430969E-04
 0.228180	1.394958E-04
 0.233154	1.354675E-04
 0.238129	1.311951E-04
 0.243103	1.268311E-04
 0.248077	1.224670E-04
 0.253052	1.181641E-04
 0.258026	1.140137E-04
 0.263031	1.100159E-04
 0.267975	1.062317E-04
 0.272949	1.026306E-04
 0.277954	9.936523E-05
 0.282928	9.619141E-05
 0.287903	9.326172E-05
 0.292877	9.051514E-05
 0.297821	8.789063E-05
 0.302826	8.547974E-05
 0.307800	8.322144E-05
 0.312775	8.105469E-05
 0.317749	7.904053E-05
 0.322723	7.714844E-05
 0.327698	7.534790E-05
 0.332672	7.363892E-05
 0.337646	7.208252E-05
 0.342621	7.052612E-05
 0.347595	6.912231E-05
 0.352570	6.771851E-05
 0.357544	6.640625E-05
 0.362518	6.515503E-05
 0.367493	6.396484E-05
 0.372467	6.280518E-05
 0.377441	6.164551E-05
 0.382385	6.063843E-05
 0.387390	5.963135E-05
 0.392334	5.865479E-05
 0.397339	5.767822E-05
 0.402283	5.679321E-05
 0.407288	5.590820E-05
 0.412262	5.502319E-05
 0.417236	5.419922E-05
 0.422211	5.337524E-05
 0.427185	5.261230E-05
 0.432129	5.184937E-05
 0.437134	5.108643E-05
 0.442108	5.035400E-05
 0.447083	4.965210E-05
 0.452057	4.901123E-05
 0.457031	4.833069E-05
 0.462006	4.766846E-05
 0.466980	4.702759E-05
 0.471954	4.639587E-05
 0.476929	4.579468E-05
 0.481934	4.519958E-05
 0.486877	4.462585E-05
 0.491852	4.403992E-05
 0.496857	4.351807E-05
 0.498077	4.048157E-05
 0.493073	3.735962E-05
 0.488037	3.601074E-05
 0.483032	3.499146E-05
 0.477997	3.413391E-05
 0.472992	3.335876E-05
 0.467987	3.265076E-05
 0.462952	3.198242E-05
 0.457947	3.135071E-05
 0.452942	3.074646E-05
 0.447906	3.014526E-05
 0.442932	2.957153E-05
 0.437897	2.902222E-05
 0.432892	2.846680E-05
 0.427887	2.792664E-05
 0.422882	2.739868E-05
 0.417877	2.686157E-05
 0.412842	2.631531E-05
 0.407837	2.580261E-05
 0.402832	2.525330E-05
 0.397827	2.474670E-05
 0.392792	2.421875E-05
 0.387787	2.370300E-05
 0.382782	2.314758E-05
 0.377747	2.259827E-05
 0.372742	2.204895E-05
 0.367737	2.149048E-05
 0.362732	2.092285E-05
 0.357727	2.033997E-05
 0.352692	1.976318E-05
 0.347687	1.914673E-05
 0.342682	1.852112E-05
 0.337646	1.788940E-05
 0.332672	1.723022E-05
 0.327637	1.656189E-05
 0.322662	1.586914E-05
 0.317657	1.510925E-05
 0.312622	1.434631E-05
 0.307617	1.354675E-05
 0.302612	1.267090E-05
 0.297607	1.173401E-05
 0.292572	1.068420E-05
 0.287598	9.704590E-06
 0.282562	8.514404E-06
 0.277557	7.205200E-06
 0.272552	5.838013E-06
 0.267548	4.275513E-06
 0.262512	2.537842E-06
 0.257507	6.094360E-07
 0.252502	-1.613770E-06
 0.247498	-4.038391E-06
 0.242462	-6.805420E-06
 0.237457	-9.970093E-06
 0.232452	-1.353760E-05
 0.227448	-1.751099E-05
 0.222443	-2.198792E-05
 0.217438	-2.695313E-05
 0.212433	-3.248901E-05
 0.207428	-3.864441E-05
 0.202393	-4.529419E-05
 0.197388	-5.239868E-05
 0.192383	-5.999756E-05
 0.187378	-6.799316E-05
 0.182343	-7.632446E-05
 0.177368	-8.477783E-05
 0.172333	-9.329224E-05
 0.167328	-1.014099E-04
 0.162323	-1.092834E-04
 0.157318	-1.165771E-04
 0.152313	-1.230469E-04
 0.147308	-1.285706E-04
 0.142273	-1.331482E-04
 0.137268	-1.363525E-04
 0.132263	-1.383667E-04
 0.127258	-1.391296E-04
 0.122253	-1.386414E-04
 0.117218	-1.369324E-04
 0.112213	-1.340332E-04
 0.107208	-1.304626E-04
 0.102173	-1.265259E-04
 0.097168	-1.221313E-04
 0.092163	-1.176453E-04
 0.087158	-1.131287E-04
 0.082153	-1.087646E-04
 0.077179	-1.045532E-04
 0.072144	-1.005554E-04
 0.067139	-9.674072E-05
 0.062103	-9.323120E-05
 0.057129	-8.984375E-05
 0.052124	-8.673096E-05
 0.047083	-8.380127E-05
 0.042078	-8.114624E-05
 0.037079	-7.861328E-05
 0.032068	-7.629395E-05
 0.027057	-7.409668E-05
 0.022049	-7.205200E-05
 0.017038	-7.012939E-05
 0.012030	-6.835938E-05
 0.007043	-6.661987E-05
 0.002014	-6.509399E-05
 -0.002988	-6.362915E-05
 -0.008002	-6.225586E-05
 -0.013016	-6.097412E-05
 -0.018027	-5.975342E-05
 -0.023035	-5.856323E-05
 -0.028052	-5.746460E-05
 -0.033060	-5.642700E-05
 -0.038071	-5.541992E-05
 -0.043079	-5.453491E-05
 -0.048093	-5.361938E-05
 -0.053040	-5.276489E-05
 -0.058044	-5.197144E-05
 -0.063080	-5.120850E-05
 -0.068085	-5.047607E-05
 -0.073090	-4.980469E-05
 -0.078094	-4.910889E-05
 -0.083099	-4.847717E-05
 -0.088104	-4.786987E-05
 -0.093109	-4.730530E-05
 -0.098114	-4.674072E-05
 -0.103119	-4.621277E-05
 -0.108154	-4.570007E-05
 -0.113129	-4.519958E-05
 -0.118134	-4.471741E-05
 -0.123169	-4.428406E-05
 -0.128174	-4.382019E-05
 -0.133179	-4.342957E-05
 -0.138184	-4.295349E-05
 -0.143188	-4.260864E-05
 -0.148193	-4.222717E-05
 -0.153198	-4.188538E-05
 -0.158203	-4.149780E-05
 -0.163208	-4.116211E-05
 -0.168213	-4.082336E-05
 -0.173218	-4.051208E-05
 -0.178253	-4.020386E-05
 -0.183228	-3.990784E-05
 -0.188263	-3.960571E-05
 -0.193268	-3.932495E-05
 -0.198273	-3.902893E-05
 -0.203278	-3.880005E-05
 -0.208282	-3.853149E-05
 -0.213287	-3.830566E-05
 -0.218292	-3.806458E-05
 -0.223297	-3.779907E-05
 -0.228302	-3.758240E-05
 -0.233307	-3.739929E-05
 -0.238312	-3.717346E-05
 -0.243317	-3.699951E-05
 -0.248352	-3.684387E-05
 -0.253357	-3.661804E-05
 -0.258362	-3.642883E-05
 -0.263367	-3.627930E-05
 -0.268372	-3.609619E-05
 -0.273376	-3.594360E-05
 -0.278381	-3.580322E-05
 -0.283386	-3.568420E-05
 -0.288391	-3.550110E-05
 -0.293396	-3.538208E-05
 -0.298401	-3.528442E-05
 -0.294983	-2.166138E-05
 -0.290009	-2.109985E-05
 -0.285004	-2.072144E-05
 -0.280029	-2.046814E-05
 -0.275055	-2.019043E-05
 -0.270081	-1.996155E-05
 -0.265106	-1.978149E-05
 -0.260101	-1.952820E-05
 -0.255127	-1.935730E-05
 -0.250153	-1.915283E-05
 -0.245178	-1.901855E-05
 -0.240204	-1.889343E-05
 -0.235229	-1.870728E-05
 -0.230255	-1.856384E-05
 -0.225250	-1.839600E-05
 -0.220276	-1.825867E-05
 -0.215302	-1.814270E-05
 -0.210327	-1.802368E-05
 -0.205353	-1.790771E-05
 -0.200378	-1.775208E-05
 -0.195404	-1.761169E-05
 -0.190399	-1.747742E-05
 -0.185425	-1.738281E-05
 -0.180450	-1.728821E-05
 -0.175476	-1.716003E-05
 -0.170502	-1.702881E-05
 -0.165497	-1.697083E-05
 -0.160553	-1.687622E-05
 -0.155548	-1.679688E-05
 -0.150543	-1.659241E-05
 -0.145599	-1.659546E-05
 -0.140594	-1.649170E-05
 -0.135620	-1.635132E-05
 -0.130646	-1.626587E-05
 -0.125671	-1.616821E-05
 -0.120667	-1.611023E-05
 -0.115692	-1.600647E-05
 -0.110718	-1.595154E-05
 -0.105743	-1.586304E-05
 -0.100769	-1.575317E-05
 -0.095795	-1.568298E-05
 -0.090820	-1.558838E-05
 -0.085846	-1.552124E-05
 -0.080872	-1.542664E-05
 -0.075897	-1.535034E-05
 -0.070892	-1.527405E-05
 -0.065918	-1.517334E-05
 -0.060944	-1.509094E-05
 -0.055969	-1.498718E-05
 -0.050995	-1.489868E-05
 -0.046066	-1.478271E-05
 -0.041089	-1.468811E-05
 -0.036105	-1.458740E-05
 -0.031125	-1.442871E-05
 -0.026151	-1.434021E-05
 -0.021167	-1.417542E-05
 -0.016190	-1.401367E-05
 -0.011212	-1.385193E-05
 -0.006232	-1.367798E-05
 -0.001248	-1.350098E-05

 Potential	  Scan 4   
 0.003729	-1.323853E-05
 0.008716	-1.297913E-05
 0.013690	-1.267700E-05
 0.018671	-1.238403E-05
 0.023651	-1.200867E-05
 0.028632	-1.160583E-05
 0.033609	-1.112976E-05
 0.038593	-1.054077E-05
 0.043567	-9.884644E-06
 0.048547	-9.115601E-06
 0.053528	-8.218384E-06
 0.058502	-7.192993E-06
 0.063507	-5.978394E-06
 0.068481	-4.534912E-06
 0.073456	-2.814331E-06
 0.078430	-8.389282E-07
 0.083405	1.439209E-06
 0.088379	4.200439E-06
 0.093353	7.348633E-06
 0.098358	1.101990E-05
 0.103333	1.516724E-05
 0.108307	1.996155E-05
 0.113281	2.534485E-05
 0.118256	3.137207E-05
 0.123230	3.807983E-05
 0.128204	4.534912E-05
 0.133179	5.322266E-05
 0.138184	6.161499E-05
 0.143127	7.040405E-05
 0.148132	7.955933E-05
 0.153107	8.877563E-05
 0.158081	9.805298E-05
 0.163055	1.072388E-04
 0.168030	1.158142E-04
 0.173004	1.238708E-04
 0.177979	1.309814E-04
 0.182953	1.372986E-04
 0.187927	1.423035E-04
 0.192902	1.461792E-04
 0.197876	1.487427E-04
 0.202881	1.498718E-04
 0.207855	1.498108E-04
 0.212830	1.486206E-04
 0.217804	1.463928E-04
 0.222778	1.433411E-04
 0.227753	1.397705E-04
 0.232727	1.357422E-04
 0.237701	1.314087E-04
 0.242676	1.270447E-04
 0.247650	1.226807E-04
 0.252625	1.183472E-04
 0.257599	1.141663E-04
 0.262573	1.101685E-04
 0.267548	1.063843E-04
 0.272522	1.028137E-04
 0.277496	9.945679E-05
 0.282471	9.631348E-05
 0.287476	9.335327E-05
 0.292419	9.057617E-05
 0.297424	8.795166E-05
 0.302399	8.551025E-05
 0.307373	8.325195E-05
 0.312347	8.108521E-05
 0.317352	7.904053E-05
 0.322327	7.714844E-05
 0.327301	7.534790E-05
 0.332275	7.363892E-05
 0.337250	7.202148E-05
 0.342224	7.049561E-05
 0.347198	6.906128E-05
 0.352173	6.765747E-05
 0.357147	6.634521E-05
 0.362122	6.506348E-05
 0.367096	6.387329E-05
 0.372070	6.274414E-05
 0.377045	6.161499E-05
 0.382050	6.054688E-05
 0.387024	5.953979E-05
 0.391998	5.856323E-05
 0.396973	5.758667E-05
 0.401947	5.667114E-05
 0.406921	5.578613E-05
 0.411896	5.493164E-05
 0.416870	5.410767E-05
 0.421844	5.328369E-05
 0.426819	5.249023E-05
 0.431793	5.172729E-05
 0.436768	5.099487E-05
 0.441742	5.026245E-05
 0.446716	4.956055E-05
 0.451691	4.888916E-05
 0.456665	4.821167E-05
 0.461639	4.755554E-05
 0.466614	4.690552E-05
 0.471588	4.628906E-05
 0.476563	4.566956E-05
 0.481537	4.507751E-05
 0.486511	4.450073E-05
 0.491516	4.393311E-05
 0.496490	4.338684E-05
 0.497711	4.036865E-05
 0.492706	3.727112E-05
 0.487671	3.592834E-05
 0.482666	3.488770E-05
 0.477661	3.406067E-05
 0.472656	3.328247E-05
 0.467621	3.258667E-05
 0.462616	3.191223E-05
 0.457611	3.128357E-05
 0.452606	3.067932E-05
 0.447571	3.009033E-05
 0.442596	2.951965E-05
 0.437561	2.896118E-05
 0.432556	2.840271E-05
 0.427551	2.786255E-05
 0.422516	2.732849E-05
 0.417511	2.680054E-05
 0.412506	2.627563E-05
 0.407501	2.574768E-05
 0.402496	2.521973E-05
 0.397491	2.470398E-05
 0.392456	2.416687E-05
 0.387451	2.362366E-05
 0.382446	2.310181E-05
 0.377441	2.255249E-05
 0.372437	2.200012E-05
 0.367401	2.145691E-05
 0.362396	2.088013E-05
 0.357391	2.030640E-05
 0.352386	1.972046E-05
 0.347382	1.910706E-05
 0.342377	1.849365E-05
 0.337372	1.785583E-05
 0.332367	1.718445E-05
 0.327332	1.651001E-05
 0.322327	1.578979E-05
 0.317322	1.507568E-05
 0.312317	1.429138E-05
 0.307281	1.345215E-05
 0.302277	1.259155E-05
 0.297272	1.167908E-05
 0.292267	1.067200E-05
 0.287262	9.597778E-06
 0.282257	8.438110E-06
 0.277252	7.174683E-06
 0.272247	5.734253E-06
 0.267242	4.191284E-06
 0.262238	2.411499E-06
 0.257202	4.541016E-07
 0.252197	-1.694946E-06
 0.247162	-4.338074E-06
 0.242157	-7.003784E-06
 0.237152	-1.014709E-05
 0.232147	-1.369324E-05
 0.227142	-1.778564E-05
 0.222137	-2.220459E-05
 0.217133	-2.723694E-05
 0.212128	-3.304749E-05
 0.207092	-3.886108E-05
 0.202087	-4.560242E-05
 0.197083	-5.279541E-05
 0.192078	-6.039429E-05
 0.187042	-6.838989E-05
 0.182037	-7.666016E-05
 0.177032	-8.508301E-05
 0.172058	-9.350586E-05
 0.167023	-1.015930E-04
 0.162048	-1.094666E-04
 0.157013	-1.166992E-04
 0.152039	-1.232300E-04
 0.147034	-1.286926E-04
 0.141998	-1.332092E-04
 0.136993	-1.364746E-04
 0.131989	-1.384583E-04
 0.126984	-1.390991E-04
 0.121979	-1.385193E-04
 0.116974	-1.368103E-04
 0.111969	-1.340027E-04
 0.106964	-1.303711E-04
 0.101929	-1.262817E-04
 0.096924	-1.219482E-04
 0.091919	-1.174622E-04
 0.086914	-1.130066E-04
 0.081909	-1.086426E-04
 0.076904	-1.044312E-04
 0.071869	-1.004333E-04
 0.066864	-9.661865E-05
 0.061859	-9.313965E-05
 0.056854	-8.978271E-05
 0.051849	-8.663940E-05
 0.046826	-8.377075E-05
 0.041818	-8.105469E-05
 0.036813	-7.855225E-05
 0.031802	-7.623291E-05
 0.026794	-7.403564E-05
 0.021783	-7.202148E-05
 0.016776	-7.009888E-05
 0.011765	-6.832886E-05
 0.006781	-6.658936E-05
 0.001755	-6.512451E-05
 -0.003244	-6.362915E-05
 -0.008264	-6.222534E-05
 -0.013272	-6.094360E-05
 -0.018277	-5.969238E-05
 -0.023288	-5.853271E-05
 -0.028296	-5.743408E-05
 -0.033307	-5.639648E-05
 -0.038315	-5.541992E-05
 -0.043323	-5.450439E-05
 -0.048334	-5.361938E-05
 -0.053284	-5.276489E-05
 -0.058289	-5.203247E-05
 -0.063293	-5.123901E-05
 -0.068329	-5.050659E-05
 -0.073334	-4.980469E-05
 -0.078339	-4.913330E-05
 -0.083344	-4.855957E-05
 -0.088348	-4.790344E-05
 -0.093353	-4.731140E-05
 -0.098358	-4.677124E-05
 -0.103363	-4.620667E-05
 -0.108368	-4.568481E-05
 -0.113373	-4.521179E-05
 -0.118378	-4.474792E-05
 -0.123383	-4.429321E-05
 -0.128387	-4.385986E-05
 -0.133392	-4.342041E-05
 -0.138397	-4.301453E-05
 -0.143402	-4.264221E-05
 -0.148407	-4.224548E-05
 -0.153412	-4.188538E-05
 -0.158417	-4.152527E-05
 -0.163422	-4.117126E-05
 -0.168427	-4.085999E-05
 -0.173431	-4.054260E-05
 -0.178467	-4.023438E-05
 -0.183441	-3.992004E-05
 -0.188477	-3.964844E-05
 -0.193481	-3.933411E-05
 -0.198486	-3.909302E-05
 -0.203491	-3.884888E-05
 -0.208496	-3.858337E-05
 -0.213501	-3.833618E-05
 -0.218506	-3.808289E-05
 -0.223511	-3.786011E-05
 -0.228516	-3.762817E-05
 -0.233521	-3.745117E-05
 -0.238525	-3.723755E-05
 -0.243530	-3.703918E-05
 -0.248535	-3.684692E-05
 -0.253540	-3.666992E-05
 -0.258545	-3.659668E-05
 -0.263550	-3.627625E-05
 -0.268555	-3.613281E-05
 -0.273560	-3.601685E-05
 -0.278564	-3.589172E-05
 -0.283569	-3.570862E-05
 -0.288574	-3.556824E-05
 -0.293579	-3.543396E-05
 -0.298431	-3.529053E-05
 -0.293976	-2.163696E-05
 -0.289001	-2.109680E-05
 -0.283997	-2.077637E-05
 -0.279022	-2.049561E-05
 -0.274048	-2.021790E-05
 -0.269073	-2.002258E-05
 -0.264099	-1.983032E-05
 -0.259094	-1.959839E-05
 -0.254120	-1.943054E-05
 -0.249146	-1.925354E-05
 -0.244141	-1.903992E-05
 -0.239166	-1.889648E-05
 -0.234192	-1.873779E-05
 -0.229218	-1.861572E-05
 -0.224243	-1.842041E-05
 -0.219269	-1.831360E-05
 -0.214264	-1.820068E-05
 -0.209290	-1.804199E-05
 -0.204315	-1.790466E-05
 -0.199341	-1.779785E-05
 -0.194366	-1.766052E-05
 -0.189392	-1.755066E-05
 -0.184387	-1.742859E-05
 -0.179413	-1.732178E-05
 -0.174438	-1.721191E-05
 -0.169464	-1.709595E-05
 -0.164459	-1.699829E-05
 -0.159485	-1.690063E-05
 -0.154510	-1.679382E-05
 -0.149536	-1.670837E-05
 -0.144562	-1.660461E-05
 -0.139587	-1.651306E-05
 -0.134583	-1.642456E-05
 -0.129608	-1.632080E-05
 -0.124634	-1.623535E-05
 -0.119659	-1.615295E-05
 -0.114685	-1.605835E-05
 -0.109711	-1.599121E-05
 -0.104706	-1.587524E-05
 -0.099731	-1.581116E-05
 -0.094757	-1.573486E-05
 -0.089783	-1.563721E-05
 -0.084808	-1.555786E-05
 -0.079803	-1.547852E-05
 -0.074829	-1.539001E-05
 -0.069855	-1.531372E-05
 -0.064880	-1.519775E-05
 -0.059906	-1.515808E-05
 -0.054901	-1.502991E-05
 -0.049927	-1.493225E-05
 -0.045010	-1.483154E-05
 -0.040033	-1.472473E-05
 -0.035049	-1.460876E-05
 -0.030072	-1.448975E-05
 -0.025089	-1.434326E-05
 -0.020108	-1.420898E-05
 -0.015125	-1.404724E-05
 -0.010144	-1.388550E-05
 -0.005157	-1.367493E-05
 -0.000183	-1.347656E-05

 Potential	  Scan 5   
 0.004800	-1.324463E-05
 0.009778	-1.305847E-05
 0.014761	-1.267700E-05
 0.019742	-1.235962E-05
 0.024719	-1.195984E-05
 0.029703	-1.150513E-05
 0.034683	-1.101685E-05
 0.039661	-1.046753E-05
 0.044641	-9.796143E-06
 0.049622	-8.972168E-06
 0.054596	-8.020020E-06
 0.059601	-6.948853E-06
 0.064575	-5.688477E-06
 0.069550	-4.321289E-06
 0.074524	-2.396851E-06
 0.079498	-3.717041E-07
 0.084503	2.040405E-06
 0.089478	4.895020E-06
 0.094452	8.181763E-06
 0.099426	1.194153E-05
 0.104401	1.628418E-05
 0.109375	2.106934E-05
 0.114349	2.665100E-05
 0.119354	3.288574E-05
 0.124329	3.969727E-05
 0.129303	4.711304E-05
 0.134277	5.520630E-05
 0.139252	6.362915E-05
 0.144257	7.257080E-05
 0.149200	8.181763E-05
 0.154205	9.109497E-05
 0.159180	1.004028E-04
 0.164154	1.093140E-04
 0.169128	1.179504E-04
 0.174103	1.257324E-04
 0.179077	1.326904E-04
 0.184052	1.387024E-04
 0.189056	1.434631E-04
 0.194031	1.469421E-04
 0.199005	1.491089E-04
 0.203979	1.499329E-04
 0.208954	1.496887E-04
 0.213928	1.481934E-04
 0.218933	1.457520E-04
 0.223907	1.425781E-04
 0.228882	1.388245E-04
 0.233856	1.347046E-04
 0.238831	1.303711E-04
 0.243805	1.259766E-04
 0.248779	1.215820E-04
 0.253754	1.173096E-04
 0.258759	1.131592E-04
 0.263733	1.091919E-04
 0.268707	1.053772E-04
 0.273682	1.018982E-04
 0.278656	9.860229E-05
 0.283630	9.548950E-05
 0.288605	9.255981E-05
 0.293579	8.987427E-05
 0.298553	8.728027E-05
 0.303528	8.489990E-05
 0.308502	8.264160E-05
 0.313507	8.050537E-05
 0.318481	7.852173E-05
 0.323456	7.662964E-05
 0.328430	7.485962E-05
 0.333405	7.315063E-05
 0.338379	7.156372E-05
 0.343353	7.006836E-05
 0.348358	6.863403E-05
 0.353302	6.726074E-05
 0.358307	6.594849E-05
 0.363281	6.469727E-05
 0.368256	6.350708E-05
 0.373230	6.237793E-05
 0.378204	6.127930E-05
 0.383179	6.021118E-05
 0.388153	5.920410E-05
 0.393127	5.822754E-05
 0.398102	5.728149E-05
 0.403076	5.636597E-05
 0.408051	5.548096E-05
 0.413055	5.462646E-05
 0.418030	5.377197E-05
 0.423004	5.300903E-05
 0.427979	5.221558E-05
 0.432953	5.145264E-05
 0.437927	5.072021E-05
 0.442902	4.998779E-05
 0.447876	4.931335E-05
 0.452850	4.862976E-05
 0.457855	4.795837E-05
 0.462799	4.730835E-05
 0.467804	4.667358E-05
 0.472778	4.604797E-05
 0.477753	4.544373E-05
 0.482727	4.485779E-05
 0.487701	4.430237E-05
 0.492676	4.371948E-05
 0.497650	4.317627E-05
 0.498871	4.017639E-05
 0.493866	3.710632E-05
 0.488861	3.579407E-05
 0.483856	3.479309E-05
 0.478821	3.394470E-05
 0.473816	3.318787E-05
 0.468811	3.249207E-05
 0.463806	3.182678E-05
 0.458801	3.120728E-05
 0.453766	3.059998E-05
 0.448761	3.002014E-05
 0.443756	2.945557E-05
 0.438751	2.890015E-05
 0.433716	2.835388E-05
 0.428711	2.781982E-05
 0.423706	2.728882E-05
 0.418701	2.677002E-05
 0.413696	2.623901E-05
 0.408661	2.571716E-05
 0.403656	2.520142E-05
 0.398651	2.468872E-05
 0.393646	2.416077E-05
 0.388641	2.362976E-05
 0.383636	2.308960E-05
 0.378632	2.255859E-05
 0.373627	2.201233E-05
 0.368591	2.146912E-05
 0.363586	2.089539E-05
 0.358582	2.032471E-05
 0.353577	1.973877E-05
 0.348572	1.914368E-05
 0.343567	1.852722E-05
 0.338531	1.789856E-05
 0.333557	1.726074E-05
 0.328522	1.658325E-05
 0.323517	1.589966E-05
 0.318512	1.515503E-05
 0.313507	1.439209E-05
 0.308502	1.358337E-05
 0.303497	1.271667E-05
 0.298462	1.182251E-05
 0.293457	1.084290E-05
 0.288452	9.786987E-06
 0.283447	8.648682E-06
 0.278442	7.409668E-06
 0.273438	5.993652E-06
 0.268433	4.495239E-06
 0.263428	2.840271E-06
 0.258423	9.289551E-07
 0.253387	-1.202087E-06
 0.248383	-3.606567E-06
 0.243378	-6.286621E-06
 0.238373	-9.344482E-06
 0.233368	-1.276550E-05
 0.228363	-1.669617E-05
 0.223358	-2.100220E-05
 0.218353	-2.587585E-05
 0.213348	-3.132629E-05
 0.208344	-3.729248E-05
 0.203339	-4.377136E-05
 0.198303	-5.084229E-05
 0.193298	-5.838013E-05
 0.188293	-6.631470E-05
 0.183289	-7.461548E-05
 0.178284	-8.285522E-05
 0.173279	-9.121704E-05
 0.168274	-9.957886E-05
 0.163269	-1.075745E-04
 0.158234	-1.149292E-04
 0.153229	-1.216431E-04
 0.148224	-1.274109E-04
 0.143219	-1.322021E-04
 0.138214	-1.357727E-04
 0.133209	-1.381226E-04
 0.128204	-1.391296E-04
 0.123199	-1.388855E-04
 0.118195	-1.374817E-04
 0.113159	-1.349792E-04
 0.108185	-1.314697E-04
 0.103149	-1.275024E-04
 0.098145	-1.232300E-04
 0.093140	-1.187744E-04
 0.088135	-1.142883E-04
 0.083130	-1.098938E-04
 0.078125	-1.056213E-04
 0.073120	-1.015930E-04
 0.068115	-9.774780E-05
 0.063110	-9.411621E-05
 0.058075	-9.072876E-05
 0.053070	-8.758545E-05
 0.048059	-8.462524E-05
 0.043051	-8.181763E-05
 0.038040	-7.931519E-05
 0.033032	-7.693481E-05
 0.028021	-7.470703E-05
 0.023016	-7.263184E-05
 0.018002	-7.070923E-05
 0.012994	-6.887817E-05
 0.007996	-6.716919E-05
 0.002975	-6.558228E-05
 -0.002032	-6.408691E-05
 -0.007043	-6.274414E-05
 -0.012051	-6.137085E-05
 -0.017059	-6.008911E-05
 -0.022067	-5.892944E-05
 -0.027078	-5.780029E-05
 -0.032086	-5.676270E-05
 -0.037091	-5.578613E-05
 -0.042099	-5.480957E-05
 -0.047110	-5.392456E-05
 -0.052063	-5.307007E-05
 -0.057068	-5.227661E-05
 -0.062073	-5.151367E-05
 -0.067108	-5.075073E-05
 -0.072083	-5.004883E-05
 -0.077118	-4.937744E-05
 -0.082123	-4.872742E-05
 -0.087128	-4.812012E-05
 -0.092133	-4.753723E-05
 -0.097137	-4.697571E-05
 -0.102142	-4.644775E-05
 -0.107147	-4.590759E-05
 -0.112152	-4.541931E-05
 -0.117157	-4.493713E-05
 -0.122162	-4.447632E-05
 -0.127167	-4.401855E-05
 -0.132172	-4.360657E-05
 -0.137177	-4.320374E-05
 -0.142181	-4.278870E-05
 -0.147186	-4.241638E-05
 -0.152191	-4.204407E-05
 -0.157196	-4.168396E-05
 -0.162201	-4.132385E-05
 -0.167206	-4.101563E-05
 -0.172211	-4.067383E-05
 -0.177246	-4.038391E-05
 -0.182220	-4.006958E-05
 -0.187256	-3.977661E-05
 -0.192261	-3.949890E-05
 -0.197266	-3.921509E-05
 -0.202271	-3.897095E-05
 -0.207275	-3.871460E-05
 -0.212280	-3.845520E-05
 -0.217285	-3.818970E-05
 -0.222290	-3.797913E-05
 -0.227295	-3.775330E-05
 -0.232300	-3.755493E-05
 -0.237305	-3.733215E-05
 -0.242310	-3.715515E-05
 -0.247314	-3.691406E-05
 -0.252319	-3.676453E-05
 -0.257355	-3.655701E-05
 -0.262360	-3.640137E-05
 -0.267334	-3.625183E-05
 -0.272369	-3.608093E-05
 -0.277374	-3.592834E-05
 -0.282379	-3.576965E-05
 -0.287384	-3.564148E-05
 -0.292389	-3.553162E-05
 -0.297394	-3.537292E-05
 -0.294434	-2.185669E-05
 -0.289459	-2.125549E-05
 -0.284485	-2.086792E-05
 -0.279510	-2.059937E-05
 -0.274506	-2.033081E-05
 -0.269531	-2.012024E-05
 -0.264557	-1.992188E-05
 -0.259583	-1.970215E-05
 -0.254608	-1.950378E-05
 -0.249603	-1.931458E-05
 -0.244629	-1.917114E-05
 -0.239655	-1.898499E-05
 -0.234680	-1.884460E-05
 -0.229675	-1.867371E-05
 -0.224731	-1.854553E-05
 -0.219727	-1.840210E-05
 -0.214752	-1.827087E-05
 -0.209778	-1.812439E-05
 -0.204803	-1.799927E-05
 -0.199829	-1.788025E-05
 -0.194855	-1.776123E-05
 -0.189850	-1.762390E-05
 -0.184875	-1.751404E-05
 -0.179901	-1.740723E-05
 -0.174896	-1.731567E-05
 -0.169922	-1.718140E-05
 -0.164948	-1.707458E-05
 -0.159973	-1.698608E-05
 -0.154999	-1.688232E-05
 -0.150024	-1.678467E-05
 -0.145050	-1.667175E-05
 -0.140045	-1.658325E-05
 -0.135071	-1.650696E-05
 -0.130096	-1.640015E-05
 -0.125122	-1.630859E-05
 -0.120148	-1.621094E-05
 -0.115173	-1.614380E-05
 -0.110168	-1.603699E-05
 -0.105194	-1.596985E-05
 -0.100220	-1.589050E-05
 -0.095245	-1.579590E-05
 -0.090271	-1.570435E-05
 -0.085297	-1.564026E-05
 -0.080322	-1.554871E-05
 -0.075317	-1.546936E-05
 -0.070343	-1.538696E-05
 -0.065369	-1.529236E-05
 -0.060394	-1.520081E-05
 -0.055389	-1.511536E-05
 -0.050415	-1.499329E-05
 -0.045505	-1.491089E-05
 -0.040521	-1.480103E-05
 -0.035544	-1.467590E-05
 -0.030560	-1.455688E-05
 -0.025583	-1.442261E-05
 -0.020599	-1.427612E-05
 -0.015619	-1.411133E-05
 -0.010638	-1.395569E-05
 -0.005655	-1.375732E-05
 -0.000674	-1.355286E-05
