File............:  sc_tdlast - MAY,22.2025

System..........:  CIMPS control file
Control.........:  
Temperature.....:  unknown
Time............:  MAY,22.2025
Comment.........:  13:34:03 - 13:46:05
                   
                   
                   
                   
Electr.area/sqcm:  
                    
polarization data

Lines:   721
Columns: 4

Number     Time/s     Potential/V    Current/A    Intensity/Wm-2
1              0.0    -2.0020e-01   -1.0678e-07    9.563e-02     
2              1.0    -2.0020e-01   -1.2273e-07    4.123e-02     
3              2.0    -2.0020e-01   -1.3026e-07    8.784e-02     
4              3.0    -2.0020e-01   -1.3030e-07    6.776e-02     
5              4.0    -2.0020e-01   -1.3148e-07    9.563e-02     
6              5.0    -2.0020e-01   -1.2272e-07    9.429e-02     
7              6.0    -2.0020e-01   -1.2371e-07    7.567e-02     
8              7.0    -2.0020e-01   -1.2754e-07    3.442e-02     
9              8.0    -2.0020e-01   -1.3288e-07    6.545e-02     
10             9.0    -2.0020e-01   -2.3505e-07    5.457e-01     
11            10.0    -2.0020e-01   -9.4456e-08    4.325e-01     
12            11.0    -2.0020e-01   -1.0941e-07    6.363e-02     
13            12.0    -2.0020e-01   -1.2561e-07    6.983e-02     
14            13.0    -2.0020e-01   -1.3649e-07    7.519e-02     
15            14.0    -2.0020e-01   -1.2303e-07    4.866e-02     
16            15.0    -2.0020e-01   -1.3621e-07    3.052e-02     
17            16.0    -2.0020e-01   -1.2829e-07    3.600e-02     
18            17.0    -2.0020e-01   -1.3075e-07    8.870e-02     
19            18.0    -2.0020e-01   -1.3802e-07    6.058e-02     
20            19.0    -2.0020e-01   -1.3322e-07    5.766e-02     
21            20.0    -2.0020e-01   -1.2282e-07    3.722e-02     
22            21.0    -2.0020e-01   -1.2702e-07    7.519e-02     
23            22.0    -2.0020e-01   -1.4245e-07    1.275e-02     
24            23.0    -2.0020e-01   -1.3166e-07    7.324e-02     
25            24.0    -2.0020e-01   -1.2582e-07    4.354e-02     
26            25.0    -2.0020e-01   -1.3183e-07    5.924e-02     
27            26.0    -2.0020e-01   -1.6186e-07    5.309e-01     
28            27.0    -2.0020e-01   -1.1672e-07    5.845e-01     
29            28.0    -2.0020e-01   -1.1842e-07    6.266e-01     
30            29.0    -2.0020e-01   -1.2500e-07    6.688e-01     
31            30.0    -2.0020e-01   -1.1584e-07    1.197e-01     
32            31.0    -2.0020e-01   -1.3122e-07    8.930e-02     
33            32.0    -2.0020e-01   -1.3772e-07    8.054e-02     
34            33.0    -2.0020e-01   -1.3403e-07    6.460e-02     
35            34.0    -2.0020e-01   -1.0983e-07    5.864e-02     
36            35.0    -2.0020e-01   -1.2696e-07    4.987e-02     
37            36.0    -2.0020e-01   -1.2355e-07    4.513e-02     
38            37.0    -2.0020e-01   -1.2779e-07    6.679e-02     
39            38.0    -2.0020e-01   -1.6210e-07    4.379e-02     
40            39.0    -2.0020e-01   -1.3128e-07    8.322e-02     
41            40.0    -2.0020e-01   -1.4096e-07    5.523e-02     
42            41.0    -2.0020e-01   -1.2830e-07    6.995e-02     
43            42.0    -2.0020e-01   -1.2146e-07    3.624e-02     
44            43.0    -2.0020e-01   -1.2649e-07    2.906e-02     
45            44.0    -2.0020e-01   -1.2810e-07    4.452e-02     
46            45.0    -2.0020e-01   -1.2758e-07    5.073e-02     
47            46.0    -2.0020e-01   -1.2187e-07    6.910e-02     
48            47.0    -2.0020e-01   -1.2926e-07    8.066e-02     
49            48.0    -2.0020e-01   -1.4004e-07    5.133e-02     
50            49.0    -2.0020e-01   -1.2917e-07    4.683e-02     
51            50.0    -2.0020e-01   -1.3362e-07    5.511e-02     
52            51.0    -2.0020e-01   -1.3225e-07    6.861e-02     
53            52.0    -2.0020e-01   -1.2804e-07    4.732e-02     
54            53.0    -2.0020e-01   -1.3529e-07    9.466e-02     
55            54.0    -2.0020e-01   -1.3461e-07    6.399e-02     
56            55.0    -2.0020e-01   -1.3555e-07    3.150e-02     
57            56.0    -2.0020e-01   -1.2684e-07    6.411e-02     
58            57.0    -2.0020e-01   -1.3960e-07    5.133e-02     
59            58.0    -2.0020e-01   -1.3938e-07    4.720e-02     
60            59.0    -2.0020e-01   -1.3626e-07    7.081e-02     
61            60.0    -2.0020e-01   -1.3901e-07    7.762e-02     
62            61.0    -2.0020e-01   -1.1519e-07    7.373e-02     
63            62.0    -2.0020e-01   -1.3521e-07    6.265e-02     
64            63.0    -2.0020e-01   -1.2144e-07    8.894e-02     
65            64.0    -2.0020e-01   -1.3025e-07    5.377e-02     
66            65.0    -2.0020e-01   -1.4323e-07    5.267e-02     
67            66.0    -2.0020e-01   -1.4900e-07    4.683e-02     
68            67.0    -2.0020e-01   -1.2436e-07    5.267e-02     
69            68.0    -2.0020e-01   -1.2261e-07    9.600e-02     
70            69.0    -2.0020e-01   -1.2512e-07    8.212e-02     
71            70.0    -2.0020e-01   -1.1823e-07    3.466e-02     
72            71.0    -2.0020e-01   -1.3228e-07    5.620e-02     
73            72.0    -2.0020e-01   -1.3113e-07    6.107e-02     
74            73.0    -2.0020e-01   -1.2809e-07    7.373e-02     
75            74.0    -2.0020e-01   -1.1878e-07    5.243e-02     
76            75.0    -2.0020e-01   -1.3330e-07    7.713e-02     
77            76.0    -2.0020e-01   -1.3568e-07    4.440e-02     
78            77.0    -2.0020e-01   -1.3386e-07    3.697e-02     
79            78.0    -2.0020e-01   -1.2451e-07    5.696e-03     
80            79.0    -2.0020e-01   -1.2971e-07    3.430e-02     
81            80.0    -2.0020e-01   -1.3350e-07    3.235e-02     
82            81.0    -2.0020e-01   -1.2694e-07    3.624e-02     
83            82.0    -2.0020e-01   -1.2788e-07   -9.638e-03     
84            83.0    -2.0020e-01   -1.2593e-07    4.367e-02     
85            84.0    -2.0020e-01   -1.3068e-07    3.904e-02     
86            85.0    -2.0020e-01   -1.3535e-07    3.393e-02     
87            86.0    -2.0020e-01   -1.2572e-07    7.543e-02     
88            87.0    -2.0020e-01   -1.3668e-07    7.644e-03     
89            88.0    -2.0020e-01   -1.3277e-07    5.839e-02     
90            89.0    -2.0020e-01   -1.2219e-07    3.162e-02     
91            90.0    -2.0020e-01   -1.2659e-07    3.977e-02     
92            91.0    -2.0020e-01   -1.2392e-07    1.568e-02     
93            92.0    -2.0020e-01   -1.1299e-07    1.276e-01     
94            93.0    -2.0020e-01   -1.2740e-07    1.361e-02     
95            94.0    -2.0020e-01   -1.2520e-07    7.275e-02     
96            95.0    -2.0020e-01   -1.2404e-07   -5.004e-02     
97            96.0    -2.0020e-01   -1.2212e-07    5.535e-02     
98            97.0    -2.0020e-01   -1.3931e-07    1.082e-01     
99            98.0    -2.0020e-01   -1.3195e-07    5.121e-02     
100           99.0    -2.0020e-01   -1.3042e-07   -2.266e-02     
101          100.0    -2.0020e-01   -1.2908e-07    1.146e-01     
102          101.0    -2.0020e-01   -1.3583e-07    1.641e-02     
103          102.0    -2.0020e-01   -1.2427e-07    1.263e-02     
104          103.0    -2.0020e-01   -1.3321e-07    7.433e-02     
105          104.0    -2.0020e-01   -1.2631e-07    3.016e-02     
106          105.0    -2.0020e-01   -1.2008e-07    5.365e-02     
107          106.0    -2.0020e-01   -1.1057e-07    5.596e-02     
108          107.0    -2.0020e-01   -1.3723e-07    6.265e-02     
109          108.0    -2.0020e-01   -1.3001e-07    5.450e-02     
110          109.0    -2.0020e-01   -1.3084e-07    7.847e-02     
111          110.0    -2.0020e-01   -1.3149e-07    8.943e-02     
112          111.0    -2.0020e-01   -1.3001e-07    1.067e-01     
113          112.0    -2.0020e-01   -1.2497e-07    6.229e-02     
114          113.0    -2.0020e-01   -1.2832e-07    8.127e-02     
115          114.0    -2.0020e-01   -1.2823e-07    7.823e-02     
116          115.0    -2.0020e-01   -1.3702e-07    3.880e-02     
117          116.0    -2.0020e-01   -1.1442e-07    7.324e-02     
118          117.0    -2.0020e-01   -1.2979e-07    9.904e-02     
119          118.0    -2.0020e-01   -1.3735e-07    7.969e-02     
120          119.0    -2.0020e-01   -1.2478e-07    8.402e-01     
121          120.0    -2.0020e-01   -1.2694e-07    9.717e-01     
122          121.0    -2.0020e-01   -1.1127e-07    9.428e-01     
123          122.0    -2.0020e-01   -1.1656e-07    9.209e-01     
124          123.0    -2.0020e-01   -1.1235e-07    9.335e-01     
125          124.0    -2.0020e-01   -1.3837e-07    9.020e-01     
126          125.0    -2.0020e-01   -1.4681e-07    9.424e-01     
127          126.0    -2.0020e-01   -1.5534e-07    9.296e-01     
128          127.0    -2.0020e-01   -1.4695e-07    8.926e-01     
129          128.0    -2.0020e-01   -1.3787e-07    9.121e-01     
130          129.0    -2.0020e-01   -1.6477e-07    9.122e-01     
131          130.0    -2.0020e-01   -1.6563e-07    9.143e-01     
132          131.0    -2.0020e-01   -1.6779e-07    9.520e-01     
133          132.0    -2.0020e-01   -1.7516e-07    9.193e-01     
134          133.0    -2.0020e-01   -1.6914e-07    8.867e-01     
135          134.0    -2.0020e-01   -1.6810e-07    9.315e-01     
136          135.0    -2.0020e-01   -1.6971e-07    9.519e-01     
137          136.0    -2.0020e-01   -1.5488e-07    9.079e-01     
138          137.0    -2.0020e-01   -1.5613e-07    8.952e-01     
139          138.0    -2.0020e-01   -1.6731e-07    9.665e-01     
140          139.0    -2.0020e-01   -1.6363e-07    9.515e-02     
141          140.0    -2.0020e-01   -1.5071e-07    9.040e-02     
142          141.0    -2.0020e-01   -1.5740e-07    9.003e-02     
143          142.0    -2.0020e-01   -1.5946e-07    5.985e-02     
144          143.0    -2.0020e-01   -1.5732e-07    5.742e-02     
145          144.0    -2.0020e-01   -1.5518e-07    7.738e-02     
146          145.0    -2.0020e-01   -1.5526e-07    5.961e-02     
147          146.0    -2.0020e-01   -1.6001e-07    5.547e-02     
148          147.0    -2.0020e-01   -1.4419e-07    8.225e-02     
149          148.0    -2.0020e-01   -1.4045e-07    9.052e-02     
150          149.0    -2.0020e-01   -1.4601e-07    6.971e-02     
151          150.0    -2.0020e-01   -1.3719e-07    6.995e-02     
152          151.0    -2.0020e-01   -1.4370e-07    8.918e-02     
153          152.0    -2.0020e-01   -1.4612e-07    9.989e-02     
154          153.0    -2.0020e-01   -1.3103e-07    6.752e-02     
155          154.0    -2.0020e-01   -1.4136e-07    8.078e-02     
156          155.0    -2.0020e-01   -1.5361e-07    4.342e-02     
157          156.0    -2.0020e-01   -1.4383e-07    1.014e-01     
158          157.0    -2.0020e-01   -1.3487e-07    9.162e-02     
159          158.0    -2.0020e-01   -1.4213e-07    6.302e-02     
160          159.0    -2.0020e-01   -1.3589e-07    1.750e+00     
161          160.0    -2.0020e-01   -1.5070e-07    1.856e+00     
162          161.0    -2.0020e-01   -1.3857e-07    1.877e+00     
163          162.0    -2.0020e-01   -1.5848e-07    1.883e+00     
164          163.0    -2.0020e-01   -1.6054e-07    1.835e+00     
165          164.0    -2.0020e-01   -1.5401e-07    1.858e+00     
166          165.0    -2.0020e-01   -1.7311e-07    1.849e+00     
167          166.0    -2.0020e-01   -1.5274e-07    1.880e+00     
168          167.0    -2.0020e-01   -1.6632e-07    1.881e+00     
169          168.0    -2.0020e-01   -1.7429e-07    1.898e+00     
170          169.0    -2.0020e-01   -1.6599e-07    1.870e+00     
171          170.0    -2.0020e-01   -1.5951e-07    1.877e+00     
172          171.0    -2.0020e-01   -1.7095e-07    1.860e+00     
173          172.0    -2.0020e-01   -1.6359e-07    1.891e+00     
174          173.0    -2.0020e-01   -1.7145e-07    1.881e+00     
175          174.0    -2.0020e-01   -1.6104e-07    1.862e+00     
176          175.0    -2.0020e-01   -1.7113e-07    1.865e+00     
177          176.0    -2.0020e-01   -1.7819e-07    1.852e+00     
178          177.0    -2.0020e-01   -1.7617e-07    1.896e+00     
179          178.0    -2.0020e-01   -1.7404e-07    1.860e+00     
180          179.0    -2.0020e-01   -1.6892e-07    9.210e-02     
181          180.0    -2.0020e-01   -1.7255e-07    5.571e-02     
182          181.0    -2.0020e-01   -1.6572e-07    7.494e-02     
183          182.0    -2.0020e-01   -1.6399e-07    6.606e-02     
184          183.0    -2.0020e-01   -1.5966e-07    8.894e-02     
185          184.0    -2.0020e-01   -1.4910e-07    5.827e-02     
186          185.0    -2.0020e-01   -1.6126e-07    5.571e-02     
187          186.0    -2.0020e-01   -1.5006e-07    7.032e-02     
188          187.0    -2.0020e-01   -1.5500e-07    6.192e-02     
189          188.0    -2.0020e-01   -1.5349e-07    9.028e-02     
190          189.0    -2.0020e-01   -1.5601e-07    5.644e-02     
191          190.0    -2.0020e-01   -1.4514e-07    6.935e-02     
192          191.0    -2.0020e-01   -1.5838e-07    5.644e-02     
193          192.0    -2.0020e-01   -1.4730e-07    7.105e-02     
194          193.0    -2.0020e-01   -1.3950e-07    4.488e-02     
195          194.0    -2.0020e-01   -1.5061e-07    3.904e-02     
196          195.0    -2.0020e-01   -1.5212e-07    6.022e-02     
197          196.0    -2.0020e-01   -1.4716e-07    8.018e-02     
198          197.0    -2.0020e-01   -1.4210e-07    5.559e-02     
199          198.0    -2.0020e-01   -1.5352e-07    5.705e-02     
200          199.0    -2.0020e-01   -1.3515e-07    3.010e+00     
201          200.0    -2.0020e-01   -1.4305e-07    3.102e+00     
202          201.0    -2.0020e-01   -1.3477e-07    3.148e+00     
203          202.0    -2.0020e-01   -1.6600e-07    3.112e+00     
204          203.0    -2.0020e-01   -1.6187e-07    3.135e+00     
205          204.0    -2.0020e-01   -1.6503e-07    3.105e+00     
206          205.0    -2.0020e-01   -1.6859e-07    3.112e+00     
207          206.0    -2.0020e-01   -1.7801e-07    3.091e+00     
208          207.0    -2.0020e-01   -1.7301e-07    3.116e+00     
209          208.0    -2.0020e-01   -1.7927e-07    3.088e+00     
210          209.0    -2.0020e-01   -1.6499e-07    3.138e+00     
211          210.0    -2.0020e-01   -1.7282e-07    3.105e+00     
212          211.0    -2.0020e-01   -1.8492e-07    3.135e+00     
213          212.0    -2.0020e-01   -1.8374e-07    3.131e+00     
214          213.0    -2.0020e-01   -1.8603e-07    3.095e+00     
215          214.0    -2.0020e-01   -1.8492e-07    3.110e+00     
216          215.0    -2.0020e-01   -1.8646e-07    3.110e+00     
217          216.0    -2.0020e-01   -1.7152e-07    3.114e+00     
218          217.0    -2.0020e-01   -1.7524e-07    3.125e+00     
219          218.0    -2.0020e-01   -1.8699e-07    3.116e+00     
220          219.0    -2.0020e-01   -1.7871e-07    7.020e-02     
221          220.0    -2.0020e-01   -1.7948e-07    5.644e-02     
222          221.0    -2.0020e-01   -1.8421e-07    8.030e-02     
223          222.0    -2.0020e-01   -1.7378e-07    8.943e-02     
224          223.0    -2.0020e-01   -1.6323e-07    5.535e-02     
225          224.0    -2.0020e-01   -1.6761e-07    5.133e-02     
226          225.0    -2.0020e-01   -1.6375e-07    9.104e-03     
227          226.0    -2.0020e-01   -1.5952e-07    3.515e-02     
228          227.0    -2.0020e-01   -1.6492e-07    3.576e-02     
229          228.0    -2.0020e-01   -1.5916e-07    4.951e-02     
230          229.0    -2.0020e-01   -1.5733e-07    4.878e-02     
231          230.0    -2.0020e-01   -1.5321e-07    2.359e-02     
232          231.0    -2.0020e-01   -1.5664e-07    4.610e-02     
233          232.0    -2.0020e-01   -1.4863e-07    5.413e-02     
234          233.0    -2.0020e-01   -1.5843e-07    5.888e-02     
235          234.0    -2.0020e-01   -1.5125e-07    7.421e-02     
236          235.0    -2.0020e-01   -1.5467e-07    7.287e-02     
237          236.0    -2.0020e-01   -1.5668e-07    4.464e-02     
238          237.0    -2.0020e-01   -1.4650e-07    7.482e-02     
239          238.0    -2.0020e-01   -1.4601e-07    7.835e-02     
240          239.0    -2.0020e-01   -1.4958e-07    3.847e+00     
241          240.0    -2.0020e-01   -1.5504e-07    4.033e+00     
242          241.0    -2.0020e-01   -1.5118e-07    3.978e+00     
243          242.0    -2.0020e-01   -1.6507e-07    4.042e+00     
244          243.0    -2.0020e-01   -1.7052e-07    4.076e+00     
245          244.0    -2.0020e-01   -1.7898e-07    4.027e+00     
246          245.0    -2.0020e-01   -1.7989e-07    4.004e+00     
247          246.0    -2.0020e-01   -1.9130e-07    4.010e+00     
248          247.0    -2.0020e-01   -1.8972e-07    4.014e+00     
249          248.0    -2.0020e-01   -1.8792e-07    4.000e+00     
250          249.0    -2.0020e-01   -1.8244e-07    4.037e+00     
251          250.0    -2.0020e-01   -1.8981e-07    4.001e+00     
252          251.0    -2.0020e-01   -1.8529e-07    4.007e+00     
253          252.0    -2.0020e-01   -1.8195e-07    4.019e+00     
254          253.0    -2.0020e-01   -1.8858e-07    4.007e+00     
255          254.0    -2.0020e-01   -1.8299e-07    4.024e+00     
256          255.0    -2.0020e-01   -1.8653e-07    4.025e+00     
257          256.0    -2.0020e-01   -1.8867e-07    4.054e+00     
258          257.0    -2.0020e-01   -1.8344e-07    3.968e+00     
259          258.0    -2.0020e-01   -1.9919e-07    4.000e+00     
260          259.0    -2.0020e-01   -1.9515e-07    4.075e-02     
261          260.0    -2.0020e-01   -1.8757e-07    2.699e-02     
262          261.0    -2.0020e-01   -1.8112e-07    5.961e-02     
263          262.0    -2.0020e-01   -1.7551e-07    5.696e-03     
264          263.0    -2.0020e-01   -1.7207e-07    5.316e-02     
265          264.0    -2.0020e-01   -1.7578e-07    8.456e-02     
266          265.0    -2.0020e-01   -1.6851e-07    4.026e-02     
267          266.0    -2.0020e-01   -1.6682e-07    7.762e-02     
268          267.0    -2.0020e-01   -1.5840e-07    9.222e-02     
269          268.0    -2.0020e-01   -1.6487e-07    8.176e-02     
270          269.0    -2.0020e-01   -1.5513e-07    5.937e-02     
271          270.0    -2.0020e-01   -1.6430e-07    2.991e-02     
272          271.0    -2.0020e-01   -1.5486e-07    8.091e-02     
273          272.0    -2.0020e-01   -1.5473e-07    6.837e-02     
274          273.0    -2.0020e-01   -1.4270e-07    5.182e-02     
275          274.0    -2.0020e-01   -1.4740e-07    6.569e-02     
276          275.0    -2.0020e-01   -1.6361e-07    7.202e-02     
277          276.0    -2.0020e-01   -1.5486e-07    3.624e-02     
278          277.0    -2.0020e-01   -1.5193e-07    5.304e-02     
279          278.0    -2.0020e-01   -1.6054e-07    7.433e-02     
280          279.0    -2.0020e-01   -1.4345e-07    4.813e+00     
281          280.0    -2.0020e-01   -1.5348e-07    4.955e+00     
282          281.0    -2.0020e-01   -1.5106e-07    4.983e+00     
283          282.0    -2.0020e-01   -1.7187e-07    4.959e+00     
284          283.0    -2.0020e-01   -1.9071e-07    4.975e+00     
285          284.0    -2.0020e-01   -1.7900e-07    4.982e+00     
286          285.0    -2.0020e-01   -1.9212e-07    4.958e+00     
287          286.0    -2.0020e-01   -1.8152e-07    4.951e+00     
288          287.0    -2.0020e-01   -1.8791e-07    4.953e+00     
289          288.0    -2.0020e-01   -1.9620e-07    4.980e+00     
290          289.0    -2.0020e-01   -2.0905e-07    4.942e+00     
291          290.0    -2.0020e-01   -1.9109e-07    4.941e+00     
292          291.0    -2.0020e-01   -1.9819e-07    4.948e+00     
293          292.0    -2.0020e-01   -1.8996e-07    4.958e+00     
294          293.0    -2.0020e-01   -1.8592e-07    4.902e+00     
295          294.0    -2.0020e-01   -1.9184e-07    4.898e+00     
296          295.0    -2.0020e-01   -1.9275e-07    4.932e+00     
297          296.0    -2.0020e-01   -1.9796e-07    4.909e+00     
298          297.0    -2.0020e-01   -1.8748e-07    4.963e+00     
299          298.0    -2.0020e-01   -1.8585e-07    4.940e+00     
300          299.0    -2.0020e-01   -1.9113e-07    9.685e-02     
301          300.0    -2.0020e-01   -2.0162e-07    7.020e-02     
302          301.0    -2.0020e-01   -1.9884e-07    5.085e-02     
303          302.0    -2.0020e-01   -1.8705e-07    8.334e-02     
304          303.0    -2.0020e-01   -1.6794e-07    6.436e-02     
305          304.0    -2.0020e-01   -1.7912e-07    9.356e-02     
306          305.0    -2.0020e-01   -1.7534e-07    7.677e-02     
307          306.0    -2.0020e-01   -1.6857e-07    9.381e-02     
308          307.0    -2.0020e-01   -1.8003e-07    6.752e-02     
309          308.0    -2.0020e-01   -1.5840e-07    8.504e-02     
310          309.0    -2.0020e-01   -1.5929e-07    8.748e-02     
311          310.0    -2.0020e-01   -1.6459e-07    8.334e-02     
312          311.0    -2.0020e-01   -1.6360e-07    9.904e-02     
313          312.0    -2.0020e-01   -1.4992e-07    5.060e-02     
314          313.0    -2.0020e-01   -1.5619e-07    5.718e-02     
315          314.0    -2.0020e-01   -1.5869e-07    3.040e-02     
316          315.0    -2.0020e-01   -1.5868e-07    5.231e-02     
317          316.0    -2.0020e-01   -1.6380e-07    2.152e-02     
318          317.0    -2.0020e-01   -1.5476e-07    5.888e-02     
319          318.0    -2.0020e-01   -1.4804e-07    8.468e-02     
320          319.0    -2.0020e-01   -1.5003e-07    5.742e+00     
321          320.0    -2.0020e-01   -1.4535e-07    5.877e+00     
322          321.0    -2.0020e-01   -1.3863e-07    5.892e+00     
323          322.0    -2.0020e-01   -1.7027e-07    5.871e+00     
324          323.0    -2.0020e-01   -1.9512e-07    5.865e+00     
325          324.0    -2.0020e-01   -1.8256e-07    5.861e+00     
326          325.0    -2.0020e-01   -1.8895e-07    5.861e+00     
327          326.0    -2.0020e-01   -1.9413e-07    5.848e+00     
328          327.0    -2.0020e-01   -1.9324e-07    5.876e+00     
329          328.0    -2.0020e-01   -1.9664e-07    5.883e+00     
330          329.0    -2.0020e-01   -1.8608e-07    5.891e+00     
331          330.0    -2.0020e-01   -1.8412e-07    5.853e+00     
332          331.0    -2.0020e-01   -1.9998e-07    5.886e+00     
333          332.0    -2.0020e-01   -1.9755e-07    5.839e+00     
334          333.0    -2.0020e-01   -1.9158e-07    5.863e+00     
335          334.0    -2.0020e-01   -1.9137e-07    5.871e+00     
336          335.0    -2.0020e-01   -1.9750e-07    5.844e+00     
337          336.0    -2.0020e-01   -1.9302e-07    5.834e+00     
338          337.0    -2.0020e-01   -1.9984e-07    5.829e+00     
339          338.0    -2.0020e-01   -1.9728e-07    5.844e+00     
340          339.0    -2.0020e-01   -1.9232e-07    5.803e-02     
341          340.0    -2.0020e-01   -1.9850e-07    6.326e-02     
342          341.0    -2.0020e-01   -1.9746e-07    6.119e-02     
343          342.0    -2.0020e-01   -1.8497e-07    3.831e-02     
344          343.0    -2.0020e-01   -1.9198e-07    4.342e-02     
345          344.0    -2.0020e-01   -1.8335e-07    6.886e-02     
346          345.0    -2.0020e-01   -1.6713e-07    4.561e-02     
347          346.0    -2.0020e-01   -1.7841e-07    4.184e-02     
348          347.0    -2.0020e-01   -1.6563e-07    5.657e-02     
349          348.0    -2.0020e-01   -1.7072e-07    8.565e-02     
350          349.0    -2.0020e-01   -1.6739e-07    5.937e-02     
351          350.0    -2.0020e-01   -1.6374e-07    5.304e-02     
352          351.0    -2.0020e-01   -1.6901e-07    4.683e-02     
353          352.0    -2.0020e-01   -1.5249e-07    6.861e-02     
354          353.0    -2.0020e-01   -1.5829e-07    2.894e-02     
355          354.0    -2.0020e-01   -1.4658e-07    5.206e-02     
356          355.0    -2.0020e-01   -1.5217e-07    6.509e-02     
357          356.0    -2.0020e-01   -1.5134e-07    5.693e-02     
358          357.0    -2.0020e-01   -1.5068e-07    5.985e-02     
359          358.0    -2.0020e-01   -1.5799e-07    8.115e-02     
360          359.0    -2.0020e-01   -1.5368e-07    6.944e+00     
361          360.0    -2.0020e-01   -1.5730e-07    7.056e+00     
362          361.0    -2.0020e-01   -1.4369e-07    7.053e+00     
363          362.0    -2.0020e-01   -1.8708e-07    7.058e+00     
364          363.0    -2.0020e-01   -1.7957e-07    7.068e+00     
365          364.0    -2.0020e-01   -1.7967e-07    7.089e+00     
366          365.0    -2.0020e-01   -1.8550e-07    7.087e+00     
367          366.0    -2.0020e-01   -1.8485e-07    7.094e+00     
368          367.0    -2.0020e-01   -2.0107e-07    7.064e+00     
369          368.0    -2.0020e-01   -1.9418e-07    7.059e+00     
370          369.0    -2.0020e-01   -1.9745e-07    7.095e+00     
371          370.0    -2.0020e-01   -2.1582e-07    7.069e+00     
372          371.0    -2.0020e-01   -1.9009e-07    7.076e+00     
373          372.0    -2.0020e-01   -2.1219e-07    7.057e+00     
374          373.0    -2.0020e-01   -1.8907e-07    7.033e+00     
375          374.0    -2.0020e-01   -2.0584e-07    7.059e+00     
376          375.0    -2.0020e-01   -1.9693e-07    7.092e+00     
377          376.0    -2.0020e-01   -1.9734e-07    7.077e+00     
378          377.0    -2.0020e-01   -1.9867e-07    7.054e+00     
379          378.0    -2.0020e-01   -2.0764e-07    7.077e+00     
380          379.0    -2.0020e-01   -2.0074e-07    6.496e-02     
381          380.0    -2.0020e-01   -2.0029e-07    2.261e-02     
382          381.0    -2.0020e-01   -2.0975e-07    7.324e-02     
383          382.0    -2.0020e-01   -1.9426e-07    1.908e-02     
384          383.0    -2.0020e-01   -1.8939e-07    5.949e-02     
385          384.0    -2.0020e-01   -1.8379e-07    9.834e-03     
386          385.0    -2.0020e-01   -1.7533e-07    4.866e-02     
387          386.0    -2.0020e-01   -1.6275e-07    5.036e-02     
388          387.0    -2.0020e-01   -1.7487e-07    3.916e-02     
389          388.0    -2.0020e-01   -1.5828e-07    4.598e-02     
390          389.0    -2.0020e-01   -1.6575e-07    3.989e-02     
391          390.0    -2.0020e-01   -1.6328e-07    2.298e-02     
392          391.0    -2.0020e-01   -1.6513e-07    4.269e-02     
393          392.0    -2.0020e-01   -1.6688e-07    5.742e-02     
394          393.0    -2.0020e-01   -1.7148e-07    4.695e-02     
395          394.0    -2.0020e-01   -1.5654e-07    7.774e-02     
396          395.0    -2.0020e-01   -1.5509e-07    9.502e-02     
397          396.0    -2.0020e-01   -1.6016e-07    9.454e-02     
398          397.0    -2.0020e-01   -1.4990e-07    8.456e-02     
399          398.0    -2.0020e-01   -1.5194e-07    4.002e-02     
400          399.0    -2.0020e-01   -1.4943e-07    7.848e+00     
401          400.0    -2.0020e-01   -1.6243e-07    8.013e+00     
402          401.0    -2.0020e-01   -1.5295e-07    8.010e+00     
403          402.0    -2.0020e-01   -1.8384e-07    7.997e+00     
404          403.0    -2.0020e-01   -1.8909e-07    8.000e+00     
405          404.0    -2.0020e-01   -1.8270e-07    8.007e+00     
406          405.0    -2.0020e-01   -2.0896e-07    7.984e+00     
407          406.0    -2.0020e-01   -1.9425e-07    7.999e+00     
408          407.0    -2.0020e-01   -2.0475e-07    8.018e+00     
409          408.0    -2.0020e-01   -2.0246e-07    8.029e+00     
410          409.0    -2.0020e-01   -2.0391e-07    8.004e+00     
411          410.0    -2.0020e-01   -2.0832e-07    8.017e+00     
412          411.0    -2.0020e-01   -2.1112e-07    8.030e+00     
413          412.0    -2.0020e-01   -2.0817e-07    8.005e+00     
414          413.0    -2.0020e-01   -1.9838e-07    8.040e+00     
415          414.0    -2.0020e-01   -2.0449e-07    8.019e+00     
416          415.0    -2.0020e-01   -2.0282e-07    8.034e+00     
417          416.0    -2.0020e-01   -2.0348e-07    7.991e+00     
418          417.0    -2.0020e-01   -2.0178e-07    8.000e+00     
419          418.0    -2.0020e-01   -2.1507e-07    8.013e+00     
420          419.0    -2.0020e-01   -2.1851e-07    8.139e-02     
421          420.0    -2.0020e-01   -2.0762e-07    1.361e-02     
422          421.0    -2.0020e-01   -2.0558e-07    5.973e-02     
423          422.0    -2.0020e-01   -1.9700e-07    2.639e-02     
424          423.0    -2.0020e-01   -1.8781e-07    3.746e-02     
425          424.0    -2.0020e-01   -1.7849e-07    2.943e-02     
426          425.0    -2.0020e-01   -1.7275e-07    1.069e-02     
427          426.0    -2.0020e-01   -1.7316e-07    2.359e-02     
428          427.0    -2.0020e-01   -1.6993e-07    3.770e-02     
429          428.0    -2.0020e-01   -1.6614e-07    3.941e-02     
430          429.0    -2.0020e-01   -1.6473e-07    4.805e-02     
431          430.0    -2.0020e-01   -1.6749e-07    2.468e-02     
432          431.0    -2.0020e-01   -1.7179e-07    2.298e-02     
433          432.0    -2.0020e-01   -1.5388e-07    8.553e-02     
434          433.0    -2.0020e-01   -1.5909e-07    3.162e-02     
435          434.0    -2.0020e-01   -1.5868e-07    3.077e-02     
436          435.0    -2.0020e-01   -1.6338e-07    9.347e-03     
437          436.0    -2.0020e-01   -1.6152e-07    3.795e-02     
438          437.0    -2.0020e-01   -1.6386e-07    4.257e-02     
439          438.0    -2.0020e-01   -1.6013e-07    3.734e-02     
440          439.0    -2.0020e-01   -1.5358e-07    9.982e+00     
441          440.0    -2.0020e-01   -1.5367e-07    1.012e+01     
442          441.0    -2.0020e-01   -1.6196e-07    1.010e+01     
443          442.0    -2.0020e-01   -1.7341e-07    1.012e+01     
444          443.0    -2.0020e-01   -1.8820e-07    1.012e+01     
445          444.0    -2.0020e-01   -1.9266e-07    1.014e+01     
446          445.0    -2.0020e-01   -2.0641e-07    1.015e+01     
447          446.0    -2.0020e-01   -2.0714e-07    1.011e+01     
448          447.0    -2.0020e-01   -1.9478e-07    1.010e+01     
449          448.0    -2.0020e-01   -2.0575e-07    1.011e+01     
450          449.0    -2.0020e-01   -2.0688e-07    1.011e+01     
451          450.0    -2.0020e-01   -2.0828e-07    1.007e+01     
452          451.0    -2.0020e-01   -2.1340e-07    1.010e+01     
453          452.0    -2.0020e-01   -2.1488e-07    1.010e+01     
454          453.0    -2.0020e-01   -2.0169e-07    1.007e+01     
455          454.0    -2.0020e-01   -2.2380e-07    1.009e+01     
456          455.0    -2.0020e-01   -2.0753e-07    1.011e+01     
457          456.0    -2.0020e-01   -2.1542e-07    1.011e+01     
458          457.0    -2.0020e-01   -2.1135e-07    1.012e+01     
459          458.0    -2.0020e-01   -2.1192e-07    1.014e+01     
460          459.0    -2.0020e-01   -2.0898e-07    6.776e-02     
461          460.0    -2.0020e-01   -2.0356e-07    9.502e-04     
462          461.0    -2.0020e-01   -2.0069e-07    6.801e-02     
463          462.0    -2.0020e-01   -2.0335e-07    2.468e-02     
464          463.0    -2.0020e-01   -1.8645e-07    5.486e-02     
465          464.0    -2.0020e-01   -1.8612e-07    4.963e-02     
466          465.0    -2.0020e-01   -1.8178e-07    5.170e-02     
467          466.0    -2.0020e-01   -1.7328e-07    5.060e-02     
468          467.0    -2.0020e-01   -1.7050e-07    5.292e-02     
469          468.0    -2.0020e-01   -1.7784e-07    3.649e-02     
470          469.0    -2.0020e-01   -1.8172e-07    4.793e-02     
471          470.0    -2.0020e-01   -1.7818e-07    2.943e-02     
472          471.0    -2.0020e-01   -1.6889e-07    5.523e-02     
473          472.0    -2.0020e-01   -1.6629e-07    3.211e-02     
474          473.0    -2.0020e-01   -1.6439e-07    3.247e-02     
475          474.0    -2.0020e-01   -1.6716e-07    6.350e-02     
476          475.0    -2.0020e-01   -1.5885e-07    5.048e-02     
477          476.0    -2.0020e-01   -1.4788e-07    3.795e-02     
478          477.0    -2.0020e-01   -1.5922e-07    4.501e-02     
479          478.0    -2.0020e-01   -1.5715e-07    7.628e-02     
480          479.0    -2.0020e-01   -1.7431e-07    1.980e+01     
481          480.0    -2.0020e-01   -1.6226e-07    1.994e+01     
482          481.0    -2.0020e-01   -1.7484e-07    1.993e+01     
483          482.0    -2.0020e-01   -2.1604e-07    1.992e+01     
484          483.0    -2.0020e-01   -2.3078e-07    1.991e+01     
485          484.0    -2.0020e-01   -2.2753e-07    1.989e+01     
486          485.0    -2.0020e-01   -2.2385e-07    1.993e+01     
487          486.0    -2.0020e-01   -2.2540e-07    1.988e+01     
488          487.0    -2.0020e-01   -2.2057e-07    1.993e+01     
489          488.0    -2.0020e-01   -2.2416e-07    1.991e+01     
490          489.0    -2.0020e-01   -2.3202e-07    1.990e+01     
491          490.0    -2.0020e-01   -2.3424e-07    1.989e+01     
492          491.0    -2.0020e-01   -2.3320e-07    1.991e+01     
493          492.0    -2.0020e-01   -2.2848e-07    1.993e+01     
494          493.0    -2.0020e-01   -2.3306e-07    1.992e+01     
495          494.0    -2.0020e-01   -2.4336e-07    1.992e+01     
496          495.0    -2.0020e-01   -2.4072e-07    1.988e+01     
497          496.0    -2.0020e-01   -2.3547e-07    1.990e+01     
498          497.0    -2.0020e-01   -2.2996e-07    1.991e+01     
499          498.0    -2.0020e-01   -2.3915e-07    1.991e+01     
500          499.0    -2.0020e-01   -2.4500e-07    3.929e-02     
501          500.0    -2.0020e-01   -2.4099e-07    3.697e-02     
502          501.0    -2.0020e-01   -2.3635e-07    1.969e-02     
503          502.0    -2.0020e-01   -2.2234e-07   -6.319e-04     
504          503.0    -2.0020e-01   -2.0022e-07    5.924e-02     
505          504.0    -2.0020e-01   -1.8642e-07    3.527e-02     
506          505.0    -2.0020e-01   -1.8697e-07    4.805e-02     
507          506.0    -2.0020e-01   -1.8018e-07    2.626e-02     
508          507.0    -2.0020e-01   -1.7918e-07    2.897e-03     
509          508.0    -2.0020e-01   -1.7734e-07    8.845e-02     
510          509.0    -2.0020e-01   -1.8139e-07    7.263e-02     
511          510.0    -2.0020e-01   -1.8303e-07    3.977e-02     
512          511.0    -2.0020e-01   -1.7834e-07    2.359e-02     
513          512.0    -2.0020e-01   -1.7009e-07    3.734e-02     
514          513.0    -2.0020e-01   -1.7784e-07    3.843e-02     
515          514.0    -2.0020e-01   -1.7655e-07    5.060e-02     
516          515.0    -2.0020e-01   -1.6925e-07    2.566e-02     
517          516.0    -2.0020e-01   -1.6434e-07    5.596e-02     
518          517.0    -2.0020e-01   -1.7374e-07    1.580e-02     
519          518.0    -2.0020e-01   -1.6129e-07    3.466e-02     
520          519.0    -2.0020e-01   -1.7065e-07    4.994e+01     
521          520.0    -2.0020e-01   -1.5962e-07    5.002e+01     
522          521.0    -2.0020e-01   -1.9830e-07    5.009e+01     
523          522.0    -2.0020e-01   -2.3518e-07    5.001e+01     
524          523.0    -2.0020e-01   -2.3786e-07    5.003e+01     
525          524.0    -2.0020e-01   -2.5318e-07    5.002e+01     
526          525.0    -2.0020e-01   -2.5928e-07    5.002e+01     
527          526.0    -2.0020e-01   -2.6009e-07    5.002e+01     
528          527.0    -2.0020e-01   -2.6000e-07    4.999e+01     
529          528.0    -2.0020e-01   -2.5193e-07    5.000e+01     
530          529.0    -2.0020e-01   -2.6457e-07    5.002e+01     
531          530.0    -2.0020e-01   -2.7157e-07    5.003e+01     
532          531.0    -2.0020e-01   -2.7252e-07    5.002e+01     
533          532.0    -2.0020e-01   -2.8724e-07    5.002e+01     
534          533.0    -2.0020e-01   -2.6714e-07    5.000e+01     
535          534.0    -2.0020e-01   -2.7638e-07    5.005e+01     
536          535.0    -2.0020e-01   -2.7893e-07    5.005e+01     
537          536.0    -2.0020e-01   -2.6675e-07    5.006e+01     
538          537.0    -2.0020e-01   -2.8154e-07    5.004e+01     
539          538.0    -2.0020e-01   -2.7677e-07    4.998e+01     
540          539.0    -2.0020e-01   -2.7163e-07    5.000e+01     
541          540.0    -2.0020e-01   -2.7800e-07    5.000e+01     
542          541.0    -2.0020e-01   -2.7000e-07    5.001e+01     
543          542.0    -2.0020e-01   -2.7169e-07    5.005e+01     
544          543.0    -2.0020e-01   -2.7501e-07    5.005e+01     
545          544.0    -2.0020e-01   -2.8292e-07    5.000e+01     
546          545.0    -2.0020e-01   -2.7329e-07    5.006e+01     
547          546.0    -2.0020e-01   -2.7436e-07    5.003e+01     
548          547.0    -2.0020e-01   -2.8618e-07    5.004e+01     
549          548.0    -2.0020e-01   -2.8610e-07    5.003e+01     
550          549.0    -2.0020e-01   -2.7540e-07    5.003e+01     
551          550.0    -2.0020e-01   -2.8493e-07    5.006e+01     
552          551.0    -2.0020e-01   -2.8262e-07    5.005e+01     
553          552.0    -2.0020e-01   -2.8650e-07    5.007e+01     
554          553.0    -2.0020e-01   -2.7670e-07    5.004e+01     
555          554.0    -2.0020e-01   -2.7587e-07    5.003e+01     
556          555.0    -2.0020e-01   -2.6878e-07    5.000e+01     
557          556.0    -2.0020e-01   -2.7806e-07    5.002e+01     
558          557.0    -2.0020e-01   -2.8464e-07    5.000e+01     
559          558.0    -2.0020e-01   -2.7506e-07    4.999e+01     
560          559.0    -2.0020e-01   -2.6490e-07    7.385e-02     
561          560.0    -2.0020e-01   -2.8191e-07    7.470e-02     
562          561.0    -2.0020e-01   -2.5845e-07    6.241e-02     
563          562.0    -2.0020e-01   -2.3043e-07    9.469e-03     
564          563.0    -2.0020e-01   -2.3470e-07    8.456e-02     
565          564.0    -2.0020e-01   -2.0866e-07    6.569e-02     
566          565.0    -2.0020e-01   -2.0491e-07    4.294e-02     
567          566.0    -2.0020e-01   -2.0351e-07    4.695e-02     
568          567.0    -2.0020e-01   -1.9372e-07    3.357e-02     
569          568.0    -2.0020e-01   -1.8446e-07    2.359e-02     
570          569.0    -2.0020e-01   -1.8643e-07    5.304e-02     
571          570.0    -2.0020e-01   -1.9126e-07    3.004e-02     
572          571.0    -2.0020e-01   -1.8850e-07    5.742e-02     
573          572.0    -2.0020e-01   -1.7880e-07    8.249e-02     
574          573.0    -2.0020e-01   -1.7726e-07    3.430e-02     
575          574.0    -2.0020e-01   -1.7832e-07    1.969e-02     
576          575.0    -2.0020e-01   -1.8266e-07    1.004e-01     
577          576.0    -2.0020e-01   -1.8513e-07    3.478e-02     
578          577.0    -2.0020e-01   -1.7502e-07    6.582e-02     
579          578.0    -2.0020e-01   -1.8145e-07    6.582e-02     
580          579.0    -2.0020e-01   -1.7273e-07   -2.254e-02     
581          580.0    -2.0020e-01   -1.6479e-07    8.496e-03     
582          581.0    -2.0020e-01   -1.5857e-07    3.223e-02     
583          582.0    -2.0020e-01   -1.6820e-07    3.749e-03     
584          583.0    -2.0020e-01   -1.6274e-07    3.709e-02     
585          584.0    -2.0020e-01   -1.7219e-07    5.912e-02     
586          585.0    -2.0020e-01   -1.5757e-07    4.598e-02     
587          586.0    -2.0020e-01   -1.5003e-07    1.884e-02     
588          587.0    -2.0020e-01   -1.6056e-07    7.279e-03     
589          588.0    -2.0020e-01   -1.5979e-07    1.093e-02     
590          589.0    -2.0020e-01   -1.6469e-07   -1.049e-02     
591          590.0    -2.0020e-01   -1.5342e-07    2.918e-02     
592          591.0    -2.0020e-01   -1.6364e-07    3.612e-02     
593          592.0    -2.0020e-01   -1.6148e-07    4.939e-02     
594          593.0    -2.0020e-01   -1.6820e-07    1.811e-02     
595          594.0    -2.0020e-01   -1.5653e-07   -7.569e-03     
596          595.0    -2.0020e-01   -1.4886e-07   -2.944e-03     
597          596.0    -2.0020e-01   -1.5287e-07   -1.256e-02     
598          597.0    -2.0020e-01   -1.6112e-07   -7.690e-03     
599          598.0    -2.0020e-01   -1.4996e-07    3.162e-02     
600          599.0    -2.0020e-01   -1.5415e-07    1.002e+02     
601          600.0    -2.0020e-01   -1.4991e-07    1.002e+02     
602          601.0    -2.0020e-01   -2.5345e-07    1.002e+02     
603          602.0    -2.0020e-01   -2.7263e-07    1.002e+02     
604          603.0    -2.0020e-01   -2.8815e-07    1.002e+02     
605          604.0    -2.0020e-01   -2.9465e-07    1.002e+02     
606          605.0    -2.0020e-01   -2.9476e-07    1.002e+02     
607          606.0    -2.0020e-01   -2.9143e-07    1.003e+02     
608          607.0    -2.0020e-01   -3.0340e-07    1.003e+02     
609          608.0    -2.0020e-01   -3.0156e-07    1.003e+02     
610          609.0    -2.0020e-01   -2.9233e-07    1.003e+02     
611          610.0    -2.0020e-01   -3.1235e-07    1.003e+02     
612          611.0    -2.0020e-01   -3.0078e-07    1.003e+02     
613          612.0    -2.0020e-01   -3.0424e-07    1.002e+02     
614          613.0    -2.0020e-01   -3.0401e-07    1.002e+02     
615          614.0    -2.0020e-01   -3.0362e-07    1.002e+02     
616          615.0    -2.0020e-01   -3.1721e-07    1.002e+02     
617          616.0    -2.0020e-01   -3.1357e-07    1.002e+02     
618          617.0    -2.0020e-01   -3.0891e-07    1.003e+02     
619          618.0    -2.0020e-01   -2.9724e-07    1.003e+02     
620          619.0    -2.0020e-01   -3.0397e-07    1.003e+02     
621          620.0    -2.0020e-01   -3.0683e-07    1.003e+02     
622          621.0    -2.0020e-01   -3.0426e-07    1.002e+02     
623          622.0    -2.0020e-01   -3.2361e-07    1.003e+02     
624          623.0    -2.0020e-01   -2.7117e-07    1.002e+02     
625          624.0    -2.0020e-01   -3.0785e-07    1.002e+02     
626          625.0    -2.0020e-01   -3.0357e-07    1.003e+02     
627          626.0    -2.0020e-01   -3.0971e-07    1.003e+02     
628          627.0    -2.0020e-01   -2.9743e-07    1.002e+02     
629          628.0    -2.0020e-01   -3.1257e-07    1.003e+02     
630          629.0    -2.0020e-01   -3.1396e-07    1.003e+02     
631          630.0    -2.0020e-01   -3.1396e-07    1.003e+02     
632          631.0    -2.0020e-01   -3.0915e-07    1.003e+02     
633          632.0    -2.0020e-01   -3.0386e-07    1.003e+02     
634          633.0    -2.0020e-01   -3.1532e-07    1.003e+02     
635          634.0    -2.0020e-01   -3.1178e-07    1.003e+02     
636          635.0    -2.0020e-01   -3.2475e-07    1.003e+02     
637          636.0    -2.0020e-01   -3.0808e-07    1.002e+02     
638          637.0    -2.0020e-01   -3.1099e-07    1.003e+02     
639          638.0    -2.0020e-01   -3.1080e-07    1.002e+02     
640          639.0    -2.0020e-01   -3.1503e-07    1.308e-01     
641          640.0    -2.0020e-01   -3.2386e-07    7.020e-02     
642          641.0    -2.0020e-01   -2.7230e-07    1.134e-01     
643          642.0    -2.0020e-01   -2.5595e-07    9.149e-02     
644          643.0    -2.0020e-01   -2.5127e-07    9.466e-02     
645          644.0    -2.0020e-01   -2.2236e-07    8.212e-02     
646          645.0    -2.0020e-01   -2.1331e-07    5.085e-02     
647          646.0    -2.0020e-01   -2.1001e-07    8.407e-02     
648          647.0    -2.0020e-01   -2.0183e-07    8.383e-02     
649          648.0    -2.0020e-01   -2.0562e-07    6.411e-02     
650          649.0    -2.0020e-01   -1.9948e-07    8.870e-02     
651          650.0    -2.0020e-01   -1.9699e-07    8.760e-02     
652          651.0    -2.0020e-01   -1.8903e-07    4.902e-02     
653          652.0    -2.0020e-01   -1.9112e-07    2.870e-02     
654          653.0    -2.0020e-01   -1.8110e-07    7.470e-02     
655          654.0    -2.0020e-01   -1.9389e-07    3.916e-02     
656          655.0    -2.0020e-01   -1.8488e-07    8.444e-02     
657          656.0    -2.0020e-01   -1.7766e-07    6.484e-02     
658          657.0    -2.0020e-01   -1.8427e-07    6.995e-02     
659          658.0    -2.0020e-01   -1.8097e-07    7.397e-02     
660          659.0    -2.0020e-01   -1.7701e-07    4.440e-02     
661          660.0    -2.0020e-01   -1.8336e-07    7.360e-02     
662          661.0    -2.0020e-01   -1.7291e-07    9.673e-02     
663          662.0    -2.0020e-01   -1.5748e-07    5.012e-02     
664          663.0    -2.0020e-01   -1.8464e-07    6.314e-02     
665          664.0    -2.0020e-01   -1.7830e-07    6.874e-02     
666          665.0    -2.0020e-01   -1.7958e-07    6.436e-02     
667          666.0    -2.0020e-01   -1.6632e-07    9.028e-02     
668          667.0    -2.0020e-01   -1.7368e-07    5.413e-02     
669          668.0    -2.0020e-01   -1.6357e-07    8.261e-02     
670          669.0    -2.0020e-01   -1.6237e-07    7.032e-02     
671          670.0    -2.0020e-01   -1.6697e-07    9.575e-02     
672          671.0    -2.0020e-01   -1.7136e-07    9.928e-02     
673          672.0    -2.0020e-01   -1.6557e-07    1.396e-01     
674          673.0    -2.0020e-01   -1.6900e-07    9.356e-02     
675          674.0    -2.0020e-01   -1.6007e-07    9.162e-02     
676          675.0    -2.0020e-01   -1.7667e-07    9.320e-02     
677          676.0    -2.0020e-01   -1.5646e-07    6.849e-02     
678          677.0    -2.0020e-01   -1.4876e-07    2.042e-02     
679          678.0    -2.0020e-01   -1.6716e-07    6.825e-02     
680          679.0    -2.0020e-01   -1.5925e-07    5.377e-02     
681          680.0    -2.0020e-01   -1.6495e-07    7.750e-02     
682          681.0    -2.0020e-01   -1.5867e-07    8.979e-02     
683          682.0    -2.0020e-01   -1.4369e-07    6.594e-02     
684          683.0    -2.0020e-01   -1.5826e-07    8.565e-02     
685          684.0    -2.0020e-01   -1.6786e-07    6.156e-02     
686          685.0    -2.0020e-01   -1.5703e-07    6.679e-02     
687          686.0    -2.0020e-01   -1.5601e-07    5.803e-02     
688          687.0    -2.0020e-01   -1.6357e-07    7.251e-02     
689          688.0    -2.0020e-01   -1.5390e-07    6.460e-02     
690          689.0    -2.0020e-01   -1.3521e-07    7.762e-02     
691          690.0    -2.0020e-01   -1.4651e-07    8.042e-02     
692          691.0    -2.0020e-01   -1.5780e-07    6.253e-02     
693          692.0    -2.0020e-01   -1.5962e-07    2.456e-02     
694          693.0    -2.0020e-01   -1.5963e-07    5.888e-02     
695          694.0    -2.0020e-01   -1.6248e-07   -3.674e-03     
696          695.0    -2.0020e-01   -1.5726e-07    5.498e-02     
697          696.0    -2.0020e-01   -1.5763e-07    6.728e-02     
698          697.0    -2.0020e-01   -1.4541e-07    2.395e-02     
699          698.0    -2.0020e-01   -1.5291e-07    2.468e-02     
700          699.0    -2.0020e-01   -1.5507e-07    3.819e-02     
701          700.0    -2.0020e-01   -1.5187e-07    7.056e-02     
702          701.0    -2.0020e-01   -1.4363e-07    7.689e-02     
703          702.0    -2.0020e-01   -1.5481e-07    8.200e-02     
704          703.0    -2.0020e-01   -1.5020e-07    7.494e-02     
705          704.0    -2.0020e-01   -1.6060e-07    8.504e-02     
706          705.0    -2.0020e-01   -1.5513e-07    7.726e-02     
707          706.0    -2.0020e-01   -1.4895e-07    3.746e-02     
708          707.0    -2.0020e-01   -1.5372e-07    7.969e-02     
709          708.0    -2.0020e-01   -1.4381e-07    7.360e-02     
710          709.0    -2.0020e-01   -1.5346e-07    6.387e-02     
711          710.0    -2.0020e-01   -1.5626e-07    8.322e-02     
712          711.0    -2.0020e-01   -1.4445e-07    2.590e-02     
713          712.0    -2.0020e-01   -1.4513e-07    4.038e-02     
714          713.0    -2.0020e-01   -1.3410e-07    7.701e-02     
715          714.0    -2.0020e-01   -1.4601e-07    4.561e-02     
716          715.0    -2.0020e-01   -1.3931e-07    5.377e-02     
717          716.0    -2.0020e-01   -1.7082e-07    2.346e-02     
718          717.0    -2.0020e-01   -1.7043e-07    2.785e-02     
719          718.0    -2.0020e-01   -1.6570e-07    2.699e-02     
720          719.0    -2.0020e-01   -1.5146e-07    4.245e-02     
721          720.0    -2.0020e-01   -1.5271e-07    4.245e-02     

