File............:  sc_tdlast - MAY,22.2025

System..........:  CIMPS control file
Control.........:  
Temperature.....:  unknown
Time............:  MAY,22.2025
Comment.........:  13:44:23 - 13:56:25
                   
                   
                   
                   
Electr.area/sqcm:  
                    
polarization data

Lines:     721
Columns: 5

Number     Time/s     Potential/V    Current/A    Intensity/Wm-2
1                0.0     -2.0020e-01   -1.0410e-07     8.648e-02
2                1.0     -2.0020e-01   -1.3379e-07     3.587e-02
3                2.0     -2.0020e-01   -1.3630e-07     9.419e-02
4                3.0     -2.0020e-01   -1.3287e-07     6.927e-02
5                4.0     -2.0020e-01   -1.2243e-07     1.054e-01
6                5.0     -2.0020e-01   -1.1428e-07     8.410e-02
7                6.0     -2.0020e-01   -1.1278e-07     8.237e-02
8                7.0     -2.0020e-01   -1.3688e-07     3.134e-02
9                8.0     -2.0020e-01   -1.3557e-07     5.885e-02
10               9.0     -2.0020e-01   -2.4483e-07     4.907e-01
11              10.0     -2.0020e-01   -8.5399e-08     4.733e-01
12              11.0     -2.0020e-01   -1.1969e-07     6.678e-02
13              12.0     -2.0020e-01   -1.3396e-07     7.031e-02
14              13.0     -2.0020e-01   -1.2864e-07     7.201e-02
15              14.0     -2.0020e-01   -1.1520e-07     5.417e-02
16              15.0     -2.0020e-01   -1.2759e-07     2.954e-02
17              16.0     -2.0020e-01   -1.2327e-07     3.942e-02
18              17.0     -2.0020e-01   -1.3140e-07     8.708e-02
19              18.0     -2.0020e-01   -1.3614e-07     5.834e-02
20              19.0     -2.0020e-01   -1.2766e-07     5.701e-02
21              20.0     -2.0020e-01   -1.2557e-07     3.500e-02
22              21.0     -2.0020e-01   -1.1786e-07     8.078e-02
23              22.0     -2.0020e-01   -1.3653e-07     1.276e-02
24              23.0     -2.0020e-01   -1.2814e-07     6.736e-02
25              24.0     -2.0020e-01   -1.2471e-07     4.876e-02
26              25.0     -2.0020e-01   -1.3935e-07     5.718e-02
27              26.0     -2.0020e-01   -1.5214e-07     5.378e-01
28              27.0     -2.0020e-01   -1.1705e-07     6.558e-01
29              28.0     -2.0020e-01   -1.2061e-07     6.500e-01
30              29.0     -2.0020e-01   -1.1366e-07     5.919e-01
31              30.0     -2.0020e-01   -1.1833e-07     1.355e-01
32              31.0     -2.0020e-01   -1.2257e-07     9.272e-02
33              32.0     -2.0020e-01   -1.2574e-07     7.655e-02
34              33.0     -2.0020e-01   -1.4606e-07     5.761e-02
35              34.0     -2.0020e-01   -1.2006e-07     6.381e-02
36              35.0     -2.0020e-01   -1.3479e-07     5.167e-02
37              36.0     -2.0020e-01   -1.1872e-07     4.558e-02
38              37.0     -2.0020e-01   -1.1751e-07     7.468e-02
39              38.0     -2.0020e-01   -1.6807e-07     4.758e-02
40              39.0     -2.0020e-01   -1.2971e-07     7.452e-02
41              40.0     -2.0020e-01   -1.3030e-07     5.211e-02
42              41.0     -2.0020e-01   -1.2818e-07     6.467e-02
43              42.0     -2.0020e-01   -1.1015e-07     3.889e-02
44              43.0     -2.0020e-01   -1.3684e-07     2.499e-02
45              44.0     -2.0020e-01   -1.2192e-07     4.545e-02
46              45.0     -2.0020e-01   -1.3173e-07     5.472e-02
47              46.0     -2.0020e-01   -1.1728e-07     7.691e-02
48              47.0     -2.0020e-01   -1.2978e-07     7.684e-02
49              48.0     -2.0020e-01   -1.4135e-07     5.628e-02
50              49.0     -2.0020e-01   -1.2103e-07     4.136e-02
51              50.0     -2.0020e-01   -1.4617e-07     6.084e-02
52              51.0     -2.0020e-01   -1.3953e-07     6.094e-02
53              52.0     -2.0020e-01   -1.3929e-07     4.586e-02
54              53.0     -2.0020e-01   -1.4597e-07     1.031e-01
55              54.0     -2.0020e-01   -1.3725e-07     5.727e-02
56              55.0     -2.0020e-01   -1.4699e-07     2.894e-02
57              56.0     -2.0020e-01   -1.1640e-07     6.838e-02
58              57.0     -2.0020e-01   -1.3111e-07     5.472e-02
59              58.0     -2.0020e-01   -1.2670e-07     4.920e-02
60              59.0     -2.0020e-01   -1.3150e-07     7.493e-02
61              60.0     -2.0020e-01   -1.3592e-07     7.861e-02
62              61.0     -2.0020e-01   -1.0992e-07     6.824e-02
63              62.0     -2.0020e-01   -1.4410e-07     5.975e-02
64              63.0     -2.0020e-01   -1.1796e-07     8.044e-02
65              64.0     -2.0020e-01   -1.2454e-07     6.036e-02
66              65.0     -2.0020e-01   -1.4445e-07     5.399e-02
67              66.0     -2.0020e-01   -1.3830e-07     4.544e-02
68              67.0     -2.0020e-01   -1.3188e-07     5.207e-02
69              68.0     -2.0020e-01   -1.1218e-07     1.089e-01
70              69.0     -2.0020e-01   -1.3730e-07     7.358e-02
71              70.0     -2.0020e-01   -1.2467e-07     3.556e-02
72              71.0     -2.0020e-01   -1.2431e-07     5.630e-02
73              72.0     -2.0020e-01   -1.1816e-07     6.311e-02
74              73.0     -2.0020e-01   -1.3617e-07     6.307e-02
75              74.0     -2.0020e-01   -1.2369e-07     5.828e-02
76              75.0     -2.0020e-01   -1.3941e-07     8.713e-02
77              76.0     -2.0020e-01   -1.4304e-07     4.527e-02
78              77.0     -2.0020e-01   -1.2246e-07     3.915e-02
79              78.0     -2.0020e-01   -1.2099e-07     6.418e-03
80              79.0     -2.0020e-01   -1.1974e-07     3.643e-02
81              80.0     -2.0020e-01   -1.4319e-07     2.898e-02
82              81.0     -2.0020e-01   -1.3007e-07     3.707e-02
83              82.0     -2.0020e-01   -1.2356e-07    -9.947e-03
84              83.0     -2.0020e-01   -1.1494e-07     4.268e-02
85              84.0     -2.0020e-01   -1.2574e-07     4.181e-02
86              85.0     -2.0020e-01   -1.3062e-07     3.835e-02
87              86.0     -2.0020e-01   -1.3149e-07     8.506e-02
88              87.0     -2.0020e-01   -1.4044e-07     7.531e-03
89              88.0     -2.0020e-01   -1.4305e-07     5.162e-02
90              89.0     -2.0020e-01   -1.2151e-07     3.622e-02
91              90.0     -2.0020e-01   -1.1696e-07     4.381e-02
92              91.0     -2.0020e-01   -1.2921e-07     1.391e-02
93              92.0     -2.0020e-01   -1.1888e-07     1.437e-01
94              93.0     -2.0020e-01   -1.2896e-07     1.512e-02
95              94.0     -2.0020e-01   -1.3199e-07     7.316e-02
96              95.0     -2.0020e-01   -1.2389e-07    -5.141e-02
97              96.0     -2.0020e-01   -1.2268e-07     5.367e-02
98              97.0     -2.0020e-01   -1.3729e-07     9.375e-02
99              98.0     -2.0020e-01   -1.1943e-07     4.868e-02
100             99.0     -2.0020e-01   -1.2019e-07    -2.472e-02
101            100.0     -2.0020e-01   -1.1698e-07     9.757e-02
102            101.0     -2.0020e-01   -1.3954e-07     1.559e-02
103            102.0     -2.0020e-01   -1.1966e-07     1.224e-02
104            103.0     -2.0020e-01   -1.3344e-07     7.516e-02
105            104.0     -2.0020e-01   -1.3661e-07     3.396e-02
106            105.0     -2.0020e-01   -1.1406e-07     5.118e-02
107            106.0     -2.0020e-01   -1.0859e-07     5.339e-02
108            107.0     -2.0020e-01   -1.4424e-07     6.711e-02
109            108.0     -2.0020e-01   -1.2296e-07     5.372e-02
110            109.0     -2.0020e-01   -1.1977e-07     7.199e-02
111            110.0     -2.0020e-01   -1.2596e-07     8.815e-02
112            111.0     -2.0020e-01   -1.2120e-07     9.520e-02
113            112.0     -2.0020e-01   -1.3571e-07     5.624e-02
114            113.0     -2.0020e-01   -1.3623e-07     8.123e-02
115            114.0     -2.0020e-01   -1.3165e-07     7.633e-02
116            115.0     -2.0020e-01   -1.4720e-07     4.363e-02
117            116.0     -2.0020e-01   -1.2137e-07     7.022e-02
118            117.0     -2.0020e-01   -1.2165e-07     1.014e-01
119            118.0     -2.0020e-01   -1.4813e-07     8.285e-02
120            119.0     -2.0020e-01   -1.2576e-07     7.175e-01
121            120.0     -2.0020e-01   -1.3475e-07     1.019e+00
122            121.0     -2.0020e-01   -1.2008e-07     8.517e-01
123            122.0     -2.0020e-01   -1.1232e-07     1.048e+00
124            123.0     -2.0020e-01   -1.0359e-07     8.351e-01
125            124.0     -2.0020e-01   -1.3084e-07     8.789e-01
126            125.0     -2.0020e-01   -1.4467e-07     8.252e-01
127            126.0     -2.0020e-01   -1.6522e-07     1.068e+00
128            127.0     -2.0020e-01   -1.5755e-07     8.932e-01
129            128.0     -2.0020e-01   -1.2427e-07     9.382e-01
130            129.0     -2.0020e-01   -1.6512e-07     7.937e-01
131            130.0     -2.0020e-01   -1.6289e-07     9.829e-01
132            131.0     -2.0020e-01   -1.5846e-07     8.691e-01
133            132.0     -2.0020e-01   -1.6184e-07     1.029e+00
134            133.0     -2.0020e-01   -1.6365e-07     8.083e-01
135            134.0     -2.0020e-01   -1.8299e-07     8.451e-01
136            135.0     -2.0020e-01   -1.6371e-07     8.196e-01
137            136.0     -2.0020e-01   -1.5546e-07     9.003e-01
138            137.0     -2.0020e-01   -1.6247e-07     9.126e-01
139            138.0     -2.0020e-01   -1.6275e-07     8.406e-01
140            139.0     -2.0020e-01   -1.7907e-07     1.030e-01
141            140.0     -2.0020e-01   -1.6465e-07     8.913e-02
142            141.0     -2.0020e-01   -1.4959e-07     9.069e-02
143            142.0     -2.0020e-01   -1.5937e-07     5.879e-02
144            143.0     -2.0020e-01   -1.5105e-07     5.571e-02
145            144.0     -2.0020e-01   -1.4850e-07     7.876e-02
146            145.0     -2.0020e-01   -1.4088e-07     5.344e-02
147            146.0     -2.0020e-01   -1.6352e-07     5.018e-02
148            147.0     -2.0020e-01   -1.4427e-07     9.118e-02
149            148.0     -2.0020e-01   -1.2785e-07     1.026e-01
150            149.0     -2.0020e-01   -1.3955e-07     6.706e-02
151            150.0     -2.0020e-01   -1.4839e-07     6.514e-02
152            151.0     -2.0020e-01   -1.3622e-07     9.303e-02
153            152.0     -2.0020e-01   -1.3574e-07     9.716e-02
154            153.0     -2.0020e-01   -1.3075e-07     5.791e-02
155            154.0     -2.0020e-01   -1.5509e-07     7.245e-02
156            155.0     -2.0020e-01   -1.4569e-07     4.623e-02
157            156.0     -2.0020e-01   -1.4878e-07     1.062e-01
158            157.0     -2.0020e-01   -1.4193e-07     7.862e-02
159            158.0     -2.0020e-01   -1.3467e-07     5.776e-02
160            159.0     -2.0020e-01   -1.4209e-07     1.609e+00
161            160.0     -2.0020e-01   -1.4671e-07     1.952e+00
162            161.0     -2.0020e-01   -1.4224e-07     1.607e+00
163            162.0     -2.0020e-01   -1.6271e-07     1.659e+00
164            163.0     -2.0020e-01   -1.6169e-07     2.000e+00
165            164.0     -2.0020e-01   -1.4139e-07     1.679e+00
166            165.0     -2.0020e-01   -1.8472e-07     1.934e+00
167            166.0     -2.0020e-01   -1.4727e-07     1.732e+00
168            167.0     -2.0020e-01   -1.5589e-07     1.655e+00
169            168.0     -2.0020e-01   -1.5828e-07     1.752e+00
170            169.0     -2.0020e-01   -1.6901e-07     1.995e+00
171            170.0     -2.0020e-01   -1.6517e-07     2.077e+00
172            171.0     -2.0020e-01   -1.5442e-07     2.044e+00
173            172.0     -2.0020e-01   -1.6399e-07     1.833e+00
174            173.0     -2.0020e-01   -1.6207e-07     1.976e+00
175            174.0     -2.0020e-01   -1.6572e-07     1.697e+00
176            175.0     -2.0020e-01   -1.5998e-07     1.749e+00
177            176.0     -2.0020e-01   -1.8499e-07     2.072e+00
178            177.0     -2.0020e-01   -1.7218e-07     1.619e+00
179            178.0     -2.0020e-01   -1.8924e-07     1.629e+00
180            179.0     -2.0020e-01   -1.5667e-07     8.403e-02
181            180.0     -2.0020e-01   -1.6707e-07     4.780e-02
182            181.0     -2.0020e-01   -1.5291e-07     6.778e-02
183            182.0     -2.0020e-01   -1.7792e-07     6.771e-02
184            183.0     -2.0020e-01   -1.7171e-07     8.684e-02
185            184.0     -2.0020e-01   -1.4188e-07     6.513e-02
186            185.0     -2.0020e-01   -1.6642e-07     6.102e-02
187            186.0     -2.0020e-01   -1.5958e-07     6.698e-02
188            187.0     -2.0020e-01   -1.5671e-07     5.745e-02
189            188.0     -2.0020e-01   -1.5440e-07     8.702e-02
190            189.0     -2.0020e-01   -1.4796e-07     5.797e-02
191            190.0     -2.0020e-01   -1.3333e-07     6.452e-02
192            191.0     -2.0020e-01   -1.7096e-07     5.854e-02
193            192.0     -2.0020e-01   -1.5910e-07     6.912e-02
194            193.0     -2.0020e-01   -1.4321e-07     4.558e-02
195            194.0     -2.0020e-01   -1.4576e-07     3.829e-02
196            195.0     -2.0020e-01   -1.4753e-07     5.651e-02
197            196.0     -2.0020e-01   -1.5381e-07     9.097e-02
198            197.0     -2.0020e-01   -1.5339e-07     5.999e-02
199            198.0     -2.0020e-01   -1.6541e-07     5.089e-02
200            199.0     -2.0020e-01   -1.4272e-07     3.343e+00
201            200.0     -2.0020e-01   -1.4711e-07     3.090e+00
202            201.0     -2.0020e-01   -1.2356e-07     3.521e+00
203            202.0     -2.0020e-01   -1.5477e-07     3.392e+00
204            203.0     -2.0020e-01   -1.7477e-07     3.065e+00
205            204.0     -2.0020e-01   -1.6854e-07     2.660e+00
206            205.0     -2.0020e-01   -1.5204e-07     2.896e+00
207            206.0     -2.0020e-01   -1.6382e-07     3.130e+00
208            207.0     -2.0020e-01   -1.7867e-07     3.241e+00
209            208.0     -2.0020e-01   -1.6152e-07     2.864e+00
210            209.0     -2.0020e-01   -1.5380e-07     2.798e+00
211            210.0     -2.0020e-01   -1.7450e-07     3.417e+00
212            211.0     -2.0020e-01   -1.9202e-07     3.591e+00
213            212.0     -2.0020e-01   -1.8932e-07     3.155e+00
214            213.0     -2.0020e-01   -1.7577e-07     2.790e+00
215            214.0     -2.0020e-01   -1.9277e-07     2.898e+00
216            215.0     -2.0020e-01   -1.7666e-07     2.661e+00
217            216.0     -2.0020e-01   -1.6553e-07     3.501e+00
218            217.0     -2.0020e-01   -1.8388e-07     2.767e+00
219            218.0     -2.0020e-01   -1.9259e-07     3.188e+00
220            219.0     -2.0020e-01   -1.9119e-07     6.544e-02
221            220.0     -2.0020e-01   -1.8514e-07     5.736e-02
222            221.0     -2.0020e-01   -1.8673e-07     8.395e-02
223            222.0     -2.0020e-01   -1.5966e-07     9.828e-02
224            223.0     -2.0020e-01   -1.5891e-07     5.048e-02
225            224.0     -2.0020e-01   -1.5974e-07     4.380e-02
226            225.0     -2.0020e-01   -1.5537e-07     8.112e-03
227            226.0     -2.0020e-01   -1.7461e-07     3.937e-02
228            227.0     -2.0020e-01   -1.6139e-07     3.977e-02
229            228.0     -2.0020e-01   -1.7164e-07     5.096e-02
230            229.0     -2.0020e-01   -1.6146e-07     5.025e-02
231            230.0     -2.0020e-01   -1.6224e-07     2.476e-02
232            231.0     -2.0020e-01   -1.5672e-07     4.161e-02
233            232.0     -2.0020e-01   -1.5092e-07     6.086e-02
234            233.0     -2.0020e-01   -1.5819e-07     5.745e-02
235            234.0     -2.0020e-01   -1.4203e-07     7.161e-02
236            235.0     -2.0020e-01   -1.6155e-07     7.328e-02
237            236.0     -2.0020e-01   -1.4981e-07     3.857e-02
238            237.0     -2.0020e-01   -1.3256e-07     6.733e-02
239            238.0     -2.0020e-01   -1.5026e-07     8.394e-02
240            239.0     -2.0020e-01   -1.3992e-07     3.366e+00
241            240.0     -2.0020e-01   -1.6870e-07     4.158e+00
242            241.0     -2.0020e-01   -1.6490e-07     3.674e+00
243            242.0     -2.0020e-01   -1.7877e-07     3.908e+00
244            243.0     -2.0020e-01   -1.6609e-07     3.818e+00
245            244.0     -2.0020e-01   -1.6164e-07     3.853e+00
246            245.0     -2.0020e-01   -1.9530e-07     4.267e+00
247            246.0     -2.0020e-01   -1.8855e-07     3.766e+00
248            247.0     -2.0020e-01   -2.0743e-07     4.094e+00
249            248.0     -2.0020e-01   -2.0534e-07     3.971e+00
250            249.0     -2.0020e-01   -1.9532e-07     4.235e+00
251            250.0     -2.0020e-01   -1.8201e-07     4.525e+00
252            251.0     -2.0020e-01   -1.8103e-07     4.287e+00
253            252.0     -2.0020e-01   -1.9473e-07     3.675e+00
254            253.0     -2.0020e-01   -1.8168e-07     3.443e+00
255            254.0     -2.0020e-01   -1.7089e-07     3.737e+00
256            255.0     -2.0020e-01   -1.8865e-07     4.140e+00
257            256.0     -2.0020e-01   -2.0513e-07     3.508e+00
258            257.0     -2.0020e-01   -1.9063e-07     3.964e+00
259            258.0     -2.0020e-01   -2.0198e-07     4.116e+00
260            259.0     -2.0020e-01   -1.7943e-07     3.872e-02
261            260.0     -2.0020e-01   -1.9188e-07     2.918e-02
262            261.0     -2.0020e-01   -1.9887e-07     5.257e-02
263            262.0     -2.0020e-01   -1.6288e-07     4.970e-03
264            263.0     -2.0020e-01   -1.7270e-07     5.680e-02
265            264.0     -2.0020e-01   -1.8905e-07     8.445e-02
266            265.0     -2.0020e-01   -1.7662e-07     4.254e-02
267            266.0     -2.0020e-01   -1.7339e-07     7.610e-02
268            267.0     -2.0020e-01   -1.6481e-07     8.520e-02
269            268.0     -2.0020e-01   -1.6024e-07     8.959e-02
270            269.0     -2.0020e-01   -1.4873e-07     6.470e-02
271            270.0     -2.0020e-01   -1.7447e-07     3.166e-02
272            271.0     -2.0020e-01   -1.6446e-07     7.538e-02
273            272.0     -2.0020e-01   -1.6609e-07     7.022e-02
274            273.0     -2.0020e-01   -1.5449e-07     4.966e-02
275            274.0     -2.0020e-01   -1.4773e-07     5.764e-02
276            275.0     -2.0020e-01   -1.6366e-07     8.104e-02
277            276.0     -2.0020e-01   -1.6410e-07     3.229e-02
278            277.0     -2.0020e-01   -1.5649e-07     6.020e-02
279            278.0     -2.0020e-01   -1.6702e-07     7.313e-02
280            279.0     -2.0020e-01   -1.5194e-07     4.358e+00
281            280.0     -2.0020e-01   -1.6545e-07     5.017e+00
282            281.0     -2.0020e-01   -1.4617e-07     5.541e+00
283            282.0     -2.0020e-01   -1.6759e-07     5.304e+00
284            283.0     -2.0020e-01   -1.7522e-07     5.433e+00
285            284.0     -2.0020e-01   -1.8180e-07     5.219e+00
286            285.0     -2.0020e-01   -1.7429e-07     5.244e+00
287            286.0     -2.0020e-01   -1.8027e-07     5.470e+00
288            287.0     -2.0020e-01   -1.8951e-07     4.581e+00
289            288.0     -2.0020e-01   -1.8782e-07     4.964e+00
290            289.0     -2.0020e-01   -2.1285e-07     4.529e+00
291            290.0     -2.0020e-01   -1.7315e-07     5.664e+00
292            291.0     -2.0020e-01   -1.7985e-07     5.607e+00
293            292.0     -2.0020e-01   -2.0222e-07     4.273e+00
294            293.0     -2.0020e-01   -1.8072e-07     5.204e+00
295            294.0     -2.0020e-01   -1.7753e-07     5.523e+00
296            295.0     -2.0020e-01   -1.9361e-07     4.459e+00
297            296.0     -2.0020e-01   -2.0865e-07     5.009e+00
298            297.0     -2.0020e-01   -1.7682e-07     5.582e+00
299            298.0     -2.0020e-01   -1.9042e-07     4.249e+00
300            299.0     -2.0020e-01   -1.7528e-07     1.026e-01
301            300.0     -2.0020e-01   -1.8354e-07     6.593e-02
302            301.0     -2.0020e-01   -2.0009e-07     5.732e-02
303            302.0     -2.0020e-01   -1.8857e-07     9.512e-02
304            303.0     -2.0020e-01   -1.7256e-07     7.294e-02
305            304.0     -2.0020e-01   -1.8722e-07     9.284e-02
306            305.0     -2.0020e-01   -1.9203e-07     8.511e-02
307            306.0     -2.0020e-01   -1.6912e-07     1.035e-01
308            307.0     -2.0020e-01   -1.7366e-07     6.386e-02
309            308.0     -2.0020e-01   -1.6775e-07     9.343e-02
310            309.0     -2.0020e-01   -1.5199e-07     7.533e-02
311            310.0     -2.0020e-01   -1.6258e-07     8.575e-02
312            311.0     -2.0020e-01   -1.4981e-07     9.102e-02
313            312.0     -2.0020e-01   -1.3569e-07     4.484e-02
314            313.0     -2.0020e-01   -1.7064e-07     4.992e-02
315            314.0     -2.0020e-01   -1.6935e-07     3.219e-02
316            315.0     -2.0020e-01   -1.6490e-07     4.980e-02
317            316.0     -2.0020e-01   -1.6082e-07     2.297e-02
318            317.0     -2.0020e-01   -1.4465e-07     5.120e-02
319            318.0     -2.0020e-01   -1.3787e-07     7.999e-02
320            319.0     -2.0020e-01   -1.4254e-07     5.810e+00
321            320.0     -2.0020e-01   -1.4678e-07     6.390e+00
322            321.0     -2.0020e-01   -1.4458e-07     5.572e+00
323            322.0     -2.0020e-01   -1.7573e-07     6.093e+00
324            323.0     -2.0020e-01   -1.8653e-07     6.544e+00
325            324.0     -2.0020e-01   -1.9917e-07     6.065e+00
326            325.0     -2.0020e-01   -1.9794e-07     5.391e+00
327            326.0     -2.0020e-01   -1.9624e-07     5.014e+00
328            327.0     -2.0020e-01   -1.9756e-07     6.528e+00
329            328.0     -2.0020e-01   -1.9348e-07     5.038e+00
330            329.0     -2.0020e-01   -1.7669e-07     6.553e+00
331            330.0     -2.0020e-01   -1.7882e-07     5.904e+00
332            331.0     -2.0020e-01   -2.1029e-07     6.661e+00
333            332.0     -2.0020e-01   -1.7836e-07     6.362e+00
334            333.0     -2.0020e-01   -1.7687e-07     6.739e+00
335            334.0     -2.0020e-01   -1.7399e-07     5.608e+00
336            335.0     -2.0020e-01   -1.7936e-07     6.312e+00
337            336.0     -2.0020e-01   -2.0674e-07     5.662e+00
338            337.0     -2.0020e-01   -2.0798e-07     5.794e+00
339            338.0     -2.0020e-01   -1.9626e-07     6.068e+00
340            339.0     -2.0020e-01   -1.7685e-07     6.454e-02
341            340.0     -2.0020e-01   -1.9817e-07     7.245e-02
342            341.0     -2.0020e-01   -1.9641e-07     6.611e-02
343            342.0     -2.0020e-01   -1.7288e-07     3.736e-02
344            343.0     -2.0020e-01   -1.8944e-07     4.240e-02
345            344.0     -2.0020e-01   -1.7963e-07     7.377e-02
346            345.0     -2.0020e-01   -1.7100e-07     4.204e-02
347            346.0     -2.0020e-01   -1.8323e-07     3.695e-02
348            347.0     -2.0020e-01   -1.5057e-07     5.410e-02
349            348.0     -2.0020e-01   -1.6644e-07     8.018e-02
350            349.0     -2.0020e-01   -1.7160e-07     5.574e-02
351            350.0     -2.0020e-01   -1.6384e-07     4.880e-02
352            351.0     -2.0020e-01   -1.8106e-07     4.040e-02
353            352.0     -2.0020e-01   -1.5733e-07     5.869e-02
354            353.0     -2.0020e-01   -1.4762e-07     3.317e-02
355            354.0     -2.0020e-01   -1.3399e-07     5.093e-02
356            355.0     -2.0020e-01   -1.5650e-07     6.283e-02
357            356.0     -2.0020e-01   -1.3701e-07     6.000e-02
358            357.0     -2.0020e-01   -1.5326e-07     5.479e-02
359            358.0     -2.0020e-01   -1.7190e-07     9.210e-02
360            359.0     -2.0020e-01   -1.5600e-07     7.541e+00
361            360.0     -2.0020e-01   -1.5378e-07     6.187e+00
362            361.0     -2.0020e-01   -1.4781e-07     6.879e+00
363            362.0     -2.0020e-01   -1.8552e-07     7.861e+00
364            363.0     -2.0020e-01   -1.8121e-07     8.011e+00
365            364.0     -2.0020e-01   -1.9553e-07     7.020e+00
366            365.0     -2.0020e-01   -1.8127e-07     7.328e+00
367            366.0     -2.0020e-01   -2.0190e-07     6.385e+00
368            367.0     -2.0020e-01   -2.1737e-07     8.105e+00
369            368.0     -2.0020e-01   -1.8237e-07     6.491e+00
370            369.0     -2.0020e-01   -1.8044e-07     8.037e+00
371            370.0     -2.0020e-01   -1.9859e-07     7.386e+00
372            371.0     -2.0020e-01   -1.7177e-07     7.305e+00
373            372.0     -2.0020e-01   -1.9498e-07     7.084e+00
374            373.0     -2.0020e-01   -1.9599e-07     6.465e+00
375            374.0     -2.0020e-01   -1.8819e-07     6.374e+00
376            375.0     -2.0020e-01   -1.8980e-07     6.497e+00
377            376.0     -2.0020e-01   -2.1095e-07     6.411e+00
378            377.0     -2.0020e-01   -1.7973e-07     7.646e+00
379            378.0     -2.0020e-01   -2.2070e-07     6.759e+00
380            379.0     -2.0020e-01   -1.9198e-07     5.634e-02
381            380.0     -2.0020e-01   -1.8499e-07     2.579e-02
382            381.0     -2.0020e-01   -2.1800e-07     8.167e-02
383            382.0     -2.0020e-01   -1.9927e-07     2.153e-02
384            383.0     -2.0020e-01   -2.0369e-07     6.832e-02
385            384.0     -2.0020e-01   -1.9243e-07     8.872e-03
386            385.0     -2.0020e-01   -1.8597e-07     4.715e-02
387            386.0     -2.0020e-01   -1.5566e-07     5.426e-02
388            387.0     -2.0020e-01   -1.6359e-07     4.146e-02
389            388.0     -2.0020e-01   -1.6621e-07     4.121e-02
390            389.0     -2.0020e-01   -1.7592e-07     4.367e-02
391            390.0     -2.0020e-01   -1.7930e-07     2.108e-02
392            391.0     -2.0020e-01   -1.6224e-07     3.915e-02
393            392.0     -2.0020e-01   -1.6261e-07     5.806e-02
394            393.0     -2.0020e-01   -1.8096e-07     4.826e-02
395            394.0     -2.0020e-01   -1.5156e-07     7.961e-02
396            395.0     -2.0020e-01   -1.6845e-07     8.337e-02
397            396.0     -2.0020e-01   -1.7164e-07     1.052e-01
398            397.0     -2.0020e-01   -1.4777e-07     7.861e-02
399            398.0     -2.0020e-01   -1.5956e-07     3.557e-02
400            399.0     -2.0020e-01   -1.5704e-07     8.763e+00
401            400.0     -2.0020e-01   -1.4954e-07     9.108e+00
402            401.0     -2.0020e-01   -1.6526e-07     8.880e+00
403            402.0     -2.0020e-01   -1.8403e-07     8.740e+00
404            403.0     -2.0020e-01   -2.0144e-07     8.373e+00
405            404.0     -2.0020e-01   -1.7612e-07     8.129e+00
406            405.0     -2.0020e-01   -2.2549e-07     6.995e+00
407            406.0     -2.0020e-01   -1.8995e-07     7.779e+00
408            407.0     -2.0020e-01   -1.8472e-07     7.712e+00
409            408.0     -2.0020e-01   -2.1887e-07     7.450e+00
410            409.0     -2.0020e-01   -1.8724e-07     8.540e+00
411            410.0     -2.0020e-01   -2.0079e-07     8.007e+00
412            411.0     -2.0020e-01   -2.3012e-07     7.021e+00
413            412.0     -2.0020e-01   -2.2693e-07     7.333e+00
414            413.0     -2.0020e-01   -2.0129e-07     8.482e+00
415            414.0     -2.0020e-01   -2.0988e-07     6.999e+00
416            415.0     -2.0020e-01   -2.0073e-07     8.880e+00
417            416.0     -2.0020e-01   -1.9506e-07     7.979e+00
418            417.0     -2.0020e-01   -1.9487e-07     7.953e+00
419            418.0     -2.0020e-01   -2.2249e-07     8.235e+00
420            419.0     -2.0020e-01   -2.2954e-07     8.932e-02
421            420.0     -2.0020e-01   -2.1973e-07     1.299e-02
422            421.0     -2.0020e-01   -2.1749e-07     6.292e-02
423            422.0     -2.0020e-01   -1.8089e-07     2.691e-02
424            423.0     -2.0020e-01   -1.8760e-07     3.484e-02
425            424.0     -2.0020e-01   -1.6270e-07     3.277e-02
426            425.0     -2.0020e-01   -1.7446e-07     1.164e-02
427            426.0     -2.0020e-01   -1.7114e-07     2.471e-02
428            427.0     -2.0020e-01   -1.8311e-07     4.167e-02
429            428.0     -2.0020e-01   -1.6119e-07     4.375e-02
430            429.0     -2.0020e-01   -1.5211e-07     5.105e-02
431            430.0     -2.0020e-01   -1.5553e-07     2.718e-02
432            431.0     -2.0020e-01   -1.8077e-07     2.434e-02
433            432.0     -2.0020e-01   -1.5752e-07     9.015e-02
434            433.0     -2.0020e-01   -1.4640e-07     3.275e-02
435            434.0     -2.0020e-01   -1.4548e-07     3.310e-02
436            435.0     -2.0020e-01   -1.6995e-07     8.390e-03
437            436.0     -2.0020e-01   -1.4772e-07     4.229e-02
438            437.0     -2.0020e-01   -1.7441e-07     4.732e-02
439            438.0     -2.0020e-01   -1.6674e-07     3.207e-02
440            439.0     -2.0020e-01   -1.4072e-07     1.096e+01
441            440.0     -2.0020e-01   -1.4091e-07     8.993e+00
442            441.0     -2.0020e-01   -1.7772e-07     9.600e+00
443            442.0     -2.0020e-01   -1.6905e-07     1.086e+01
444            443.0     -2.0020e-01   -1.8333e-07     9.090e+00
445            444.0     -2.0020e-01   -2.0471e-07     1.111e+01
446            445.0     -2.0020e-01   -2.2487e-07     1.116e+01
447            446.0     -2.0020e-01   -2.2727e-07     1.013e+01
448            447.0     -2.0020e-01   -2.0465e-07     8.604e+00
449            448.0     -2.0020e-01   -2.0066e-07     9.464e+00
450            449.0     -2.0020e-01   -1.8965e-07     1.046e+01
451            450.0     -2.0020e-01   -2.1982e-07     1.152e+01
452            451.0     -2.0020e-01   -2.1589e-07     1.050e+01
453            452.0     -2.0020e-01   -2.1162e-07     9.372e+00
454            453.0     -2.0020e-01   -2.1808e-07     1.047e+01
455            454.0     -2.0020e-01   -2.0640e-07     1.021e+01
456            455.0     -2.0020e-01   -2.0722e-07     1.096e+01
457            456.0     -2.0020e-01   -1.9437e-07     8.918e+00
458            457.0     -2.0020e-01   -2.1003e-07     1.091e+01
459            458.0     -2.0020e-01   -1.9311e-07     1.027e+01
460            459.0     -2.0020e-01   -1.9305e-07     7.717e-02
461            460.0     -2.0020e-01   -1.8799e-07     9.051e-04
462            461.0     -2.0020e-01   -2.0668e-07     7.072e-02
463            462.0     -2.0020e-01   -2.1336e-07     2.788e-02
464            463.0     -2.0020e-01   -1.8956e-07     4.832e-02
465            464.0     -2.0020e-01   -2.0332e-07     5.614e-02
466            465.0     -2.0020e-01   -1.7723e-07     5.461e-02
467            466.0     -2.0020e-01   -1.6585e-07     4.404e-02
468            467.0     -2.0020e-01   -1.8307e-07     4.976e-02
469            468.0     -2.0020e-01   -1.6801e-07     3.877e-02
470            469.0     -2.0020e-01   -1.9856e-07     4.171e-02
471            470.0     -2.0020e-01   -1.6080e-07     3.016e-02
472            471.0     -2.0020e-01   -1.8476e-07     5.268e-02
473            472.0     -2.0020e-01   -1.5110e-07     3.327e-02
474            473.0     -2.0020e-01   -1.7725e-07     2.805e-02
475            474.0     -2.0020e-01   -1.6809e-07     7.058e-02
476            475.0     -2.0020e-01   -1.7451e-07     5.765e-02
477            476.0     -2.0020e-01   -1.3527e-07     4.329e-02
478            477.0     -2.0020e-01   -1.6093e-07     4.838e-02
479            478.0     -2.0020e-01   -1.7190e-07     6.781e-02
480            479.0     -2.0020e-01   -1.7512e-07     2.133e+01
481            480.0     -2.0020e-01   -1.6646e-07     1.710e+01
482            481.0     -2.0020e-01   -1.8168e-07     1.707e+01
483            482.0     -2.0020e-01   -2.1408e-07     1.887e+01
484            483.0     -2.0020e-01   -2.3667e-07     1.984e+01
485            484.0     -2.0020e-01   -2.3137e-07     2.150e+01
486            485.0     -2.0020e-01   -2.4181e-07     2.103e+01
487            486.0     -2.0020e-01   -2.0491e-07     1.956e+01
488            487.0     -2.0020e-01   -2.1091e-07     1.858e+01
489            488.0     -2.0020e-01   -2.4435e-07     2.288e+01
490            489.0     -2.0020e-01   -2.5013e-07     1.946e+01
491            490.0     -2.0020e-01   -2.3216e-07     1.960e+01
492            491.0     -2.0020e-01   -2.3880e-07     1.790e+01
493            492.0     -2.0020e-01   -2.1831e-07     2.169e+01
494            493.0     -2.0020e-01   -2.1852e-07     2.108e+01
495            494.0     -2.0020e-01   -2.4159e-07     1.825e+01
496            495.0     -2.0020e-01   -2.3366e-07     1.739e+01
497            496.0     -2.0020e-01   -2.3941e-07     2.098e+01
498            497.0     -2.0020e-01   -2.1054e-07     2.083e+01
499            498.0     -2.0020e-01   -2.6184e-07     1.856e+01
500            499.0     -2.0020e-01   -2.6882e-07     4.460e-02
501            500.0     -2.0020e-01   -2.5054e-07     3.310e-02
502            501.0     -2.0020e-01   -2.3806e-07     1.929e-02
503            502.0     -2.0020e-01   -2.1387e-07    -7.160e-04
504            503.0     -2.0020e-01   -2.1279e-07     5.781e-02
505            504.0     -2.0020e-01   -1.9331e-07     3.674e-02
506            505.0     -2.0020e-01   -1.7435e-07     4.657e-02
507            506.0     -2.0020e-01   -1.9499e-07     2.448e-02
508            507.0     -2.0020e-01   -1.9074e-07     3.318e-03
509            508.0     -2.0020e-01   -1.9329e-07     8.604e-02
510            509.0     -2.0020e-01   -1.8958e-07     8.122e-02
511            510.0     -2.0020e-01   -1.8718e-07     3.655e-02
512            511.0     -2.0020e-01   -1.7542e-07     2.156e-02
513            512.0     -2.0020e-01   -1.8481e-07     3.209e-02
514            513.0     -2.0020e-01   -1.9086e-07     4.018e-02
515            514.0     -2.0020e-01   -1.6049e-07     4.860e-02
516            515.0     -2.0020e-01   -1.5322e-07     2.846e-02
517            516.0     -2.0020e-01   -1.6028e-07     5.551e-02
518            517.0     -2.0020e-01   -1.8453e-07     1.802e-02
519            518.0     -2.0020e-01   -1.7701e-07     3.139e-02
520            519.0     -2.0020e-01   -1.5872e-07     5.546e+01
521            520.0     -2.0020e-01   -1.6263e-07     5.417e+01
522            521.0     -2.0020e-01   -1.9358e-07     5.416e+01
523            522.0     -2.0020e-01   -2.5728e-07     5.518e+01
524            523.0     -2.0020e-01   -2.5414e-07     5.395e+01
525            524.0     -2.0020e-01   -2.7031e-07     5.191e+01
526            525.0     -2.0020e-01   -2.5766e-07     4.449e+01
527            526.0     -2.0020e-01   -2.5566e-07     4.301e+01
528            527.0     -2.0020e-01   -2.4822e-07     5.630e+01
529            528.0     -2.0020e-01   -2.2958e-07     5.175e+01
530            529.0     -2.0020e-01   -2.8387e-07     5.447e+01
531            530.0     -2.0020e-01   -2.8856e-07     4.975e+01
532            531.0     -2.0020e-01   -2.9976e-07     4.428e+01
533            532.0     -2.0020e-01   -3.1577e-07     4.440e+01
534            533.0     -2.0020e-01   -2.7010e-07     5.278e+01
535            534.0     -2.0020e-01   -2.9125e-07     4.900e+01
536            535.0     -2.0020e-01   -3.0374e-07     4.555e+01
537            536.0     -2.0020e-01   -2.8540e-07     4.993e+01
538            537.0     -2.0020e-01   -2.6731e-07     4.350e+01
539            538.0     -2.0020e-01   -2.7403e-07     5.121e+01
540            539.0     -2.0020e-01   -2.5148e-07     4.653e+01
541            540.0     -2.0020e-01   -3.0325e-07     5.446e+01
542            541.0     -2.0020e-01   -2.7573e-07     4.716e+01
543            542.0     -2.0020e-01   -2.5694e-07     4.938e+01
544            543.0     -2.0020e-01   -2.8445e-07     4.272e+01
545            544.0     -2.0020e-01   -2.8960e-07     4.359e+01
546            545.0     -2.0020e-01   -2.6554e-07     4.845e+01
547            546.0     -2.0020e-01   -2.5316e-07     4.973e+01
548            547.0     -2.0020e-01   -2.9600e-07     5.154e+01
549            548.0     -2.0020e-01   -2.8726e-07     4.690e+01
550            549.0     -2.0020e-01   -2.9040e-07     5.296e+01
551            550.0     -2.0020e-01   -2.8608e-07     5.547e+01
552            551.0     -2.0020e-01   -3.0253e-07     5.425e+01
553            552.0     -2.0020e-01   -2.8947e-07     4.315e+01
554            553.0     -2.0020e-01   -2.8007e-07     4.975e+01
555            554.0     -2.0020e-01   -2.9665e-07     4.410e+01
556            555.0     -2.0020e-01   -2.6359e-07     4.613e+01
557            556.0     -2.0020e-01   -2.5771e-07     5.732e+01
558            557.0     -2.0020e-01   -2.5781e-07     4.464e+01
559            558.0     -2.0020e-01   -2.8910e-07     4.997e+01
560            559.0     -2.0020e-01   -2.7127e-07     7.647e-02
561            560.0     -2.0020e-01   -2.9342e-07     7.924e-02
562            561.0     -2.0020e-01   -2.4361e-07     6.353e-02
563            562.0     -2.0020e-01   -2.1367e-07     8.076e-03
564            563.0     -2.0020e-01   -2.1191e-07     8.016e-02
565            564.0     -2.0020e-01   -2.0242e-07     6.604e-02
566            565.0     -2.0020e-01   -2.0860e-07     3.763e-02
567            566.0     -2.0020e-01   -1.9912e-07     4.485e-02
568            567.0     -2.0020e-01   -1.9130e-07     2.887e-02
569            568.0     -2.0020e-01   -1.9937e-07     2.061e-02
570            569.0     -2.0020e-01   -1.8077e-07     5.140e-02
571            570.0     -2.0020e-01   -1.9180e-07     2.673e-02
572            571.0     -2.0020e-01   -1.9919e-07     5.858e-02
573            572.0     -2.0020e-01   -1.7510e-07     8.718e-02
574            573.0     -2.0020e-01   -1.8159e-07     3.739e-02
575            574.0     -2.0020e-01   -1.9124e-07     1.792e-02
576            575.0     -2.0020e-01   -1.9908e-07     9.038e-02
577            576.0     -2.0020e-01   -1.7206e-07     3.065e-02
578            577.0     -2.0020e-01   -1.8995e-07     6.851e-02
579            578.0     -2.0020e-01   -1.8116e-07     6.990e-02
580            579.0     -2.0020e-01   -1.6438e-07    -1.937e-02
581            580.0     -2.0020e-01   -1.6344e-07     9.608e-03
582            581.0     -2.0020e-01   -1.7379e-07     2.790e-02
583            582.0     -2.0020e-01   -1.6795e-07     3.795e-03
584            583.0     -2.0020e-01   -1.5717e-07     3.942e-02
585            584.0     -2.0020e-01   -1.7678e-07     6.570e-02
586            585.0     -2.0020e-01   -1.4938e-07     4.893e-02
587            586.0     -2.0020e-01   -1.3730e-07     2.055e-02
588            587.0     -2.0020e-01   -1.4864e-07     6.928e-03
589            588.0     -2.0020e-01   -1.4790e-07     1.196e-02
590            589.0     -2.0020e-01   -1.5322e-07    -9.169e-03
591            590.0     -2.0020e-01   -1.4234e-07     3.264e-02
592            591.0     -2.0020e-01   -1.6825e-07     3.664e-02
593            592.0     -2.0020e-01   -1.5121e-07     5.409e-02
594            593.0     -2.0020e-01   -1.6301e-07     1.785e-02
595            594.0     -2.0020e-01   -1.6895e-07    -7.895e-03
596            595.0     -2.0020e-01   -1.4808e-07    -2.967e-03
597            596.0     -2.0020e-01   -1.5799e-07    -1.343e-02
598            597.0     -2.0020e-01   -1.5056e-07    -6.725e-03
599            598.0     -2.0020e-01   -1.4073e-07     2.745e-02
600            599.0     -2.0020e-01   -1.3999e-07     9.260e+01
601            600.0     -2.0020e-01   -1.3998e-07     8.997e+01
602            601.0     -2.0020e-01   -2.4223e-07     1.114e+02
603            602.0     -2.0020e-01   -2.5502e-07     9.176e+01
604            603.0     -2.0020e-01   -2.6445e-07     1.145e+02
605            604.0     -2.0020e-01   -2.7229e-07     9.530e+01
606            605.0     -2.0020e-01   -2.9245e-07     9.064e+01
607            606.0     -2.0020e-01   -2.7431e-07     1.090e+02
608            607.0     -2.0020e-01   -2.9516e-07     1.051e+02
609            608.0     -2.0020e-01   -3.0177e-07     1.002e+02
610            609.0     -2.0020e-01   -3.0346e-07     1.020e+02
611            610.0     -2.0020e-01   -2.8357e-07     1.069e+02
612            611.0     -2.0020e-01   -3.1879e-07     9.213e+01
613            612.0     -2.0020e-01   -3.1202e-07     1.151e+02
614            613.0     -2.0020e-01   -2.7858e-07     1.145e+02
615            614.0     -2.0020e-01   -3.2631e-07     1.047e+02
616            615.0     -2.0020e-01   -3.4391e-07     9.117e+01
617            616.0     -2.0020e-01   -2.8604e-07     1.056e+02
618            617.0     -2.0020e-01   -2.9513e-07     8.743e+01
619            618.0     -2.0020e-01   -3.1544e-07     8.618e+01
620            619.0     -2.0020e-01   -3.1906e-07     9.301e+01
621            620.0     -2.0020e-01   -2.8747e-07     9.918e+01
622            621.0     -2.0020e-01   -2.8657e-07     1.113e+02
623            622.0     -2.0020e-01   -3.1523e-07     1.071e+02
624            623.0     -2.0020e-01   -2.7033e-07     1.075e+02
625            624.0     -2.0020e-01   -3.1513e-07     9.796e+01
626            625.0     -2.0020e-01   -2.9561e-07     9.566e+01
627            626.0     -2.0020e-01   -3.0739e-07     9.642e+01
628            627.0     -2.0020e-01   -3.1215e-07     1.149e+02
629            628.0     -2.0020e-01   -2.8361e-07     8.646e+01
630            629.0     -2.0020e-01   -2.9842e-07     1.113e+02
631            630.0     -2.0020e-01   -3.2736e-07     1.027e+02
632            631.0     -2.0020e-01   -3.3359e-07     9.845e+01
633            632.0     -2.0020e-01   -3.0457e-07     1.071e+02
634            633.0     -2.0020e-01   -3.1735e-07     9.990e+01
635            634.0     -2.0020e-01   -2.8728e-07     1.115e+02
636            635.0     -2.0020e-01   -3.2133e-07     1.124e+02
637            636.0     -2.0020e-01   -3.1009e-07     9.785e+01
638            637.0     -2.0020e-01   -2.9497e-07     9.358e+01
639            638.0     -2.0020e-01   -2.9646e-07     1.030e+02
640            639.0     -2.0020e-01   -3.0730e-07     1.470e-01
641            640.0     -2.0020e-01   -2.9277e-07     6.411e-02
642            641.0     -2.0020e-01   -2.6261e-07     1.176e-01
643            642.0     -2.0020e-01   -2.4118e-07     9.510e-02
644            643.0     -2.0020e-01   -2.4260e-07     1.013e-01
645            644.0     -2.0020e-01   -2.0545e-07     7.304e-02
646            645.0     -2.0020e-01   -2.2997e-07     5.414e-02
647            646.0     -2.0020e-01   -2.1394e-07     9.439e-02
648            647.0     -2.0020e-01   -2.0906e-07     7.577e-02
649            648.0     -2.0020e-01   -2.1751e-07     5.906e-02
650            649.0     -2.0020e-01   -1.9942e-07     1.012e-01
651            650.0     -2.0020e-01   -1.8072e-07     7.922e-02
652            651.0     -2.0020e-01   -1.9043e-07     5.423e-02
653            652.0     -2.0020e-01   -1.9444e-07     2.863e-02
654            653.0     -2.0020e-01   -1.8999e-07     6.904e-02
655            654.0     -2.0020e-01   -1.9124e-07     4.352e-02
656            655.0     -2.0020e-01   -1.7111e-07     8.305e-02
657            656.0     -2.0020e-01   -1.6998e-07     6.513e-02
658            657.0     -2.0020e-01   -1.7922e-07     6.700e-02
659            658.0     -2.0020e-01   -1.8625e-07     7.603e-02
660            659.0     -2.0020e-01   -1.7952e-07     3.992e-02
661            660.0     -2.0020e-01   -1.7808e-07     7.120e-02
662            661.0     -2.0020e-01   -1.8973e-07     1.104e-01
663            662.0     -2.0020e-01   -1.6081e-07     4.648e-02
664            663.0     -2.0020e-01   -1.7494e-07     6.611e-02
665            664.0     -2.0020e-01   -1.6410e-07     6.514e-02
666            665.0     -2.0020e-01   -1.6711e-07     6.964e-02
667            666.0     -2.0020e-01   -1.5787e-07     8.028e-02
668            667.0     -2.0020e-01   -1.6189e-07     6.176e-02
669            668.0     -2.0020e-01   -1.5332e-07     8.146e-02
670            669.0     -2.0020e-01   -1.5539e-07     6.475e-02
671            670.0     -2.0020e-01   -1.5606e-07     8.350e-02
672            671.0     -2.0020e-01   -1.8496e-07     8.944e-02
673            672.0     -2.0020e-01   -1.5167e-07     1.404e-01
674            673.0     -2.0020e-01   -1.6983e-07     8.899e-02
675            674.0     -2.0020e-01   -1.5720e-07     1.007e-01
676            675.0     -2.0020e-01   -1.9371e-07     9.127e-02
677            676.0     -2.0020e-01   -1.4432e-07     6.333e-02
678            677.0     -2.0020e-01   -1.4572e-07     2.114e-02
679            678.0     -2.0020e-01   -1.8286e-07     7.248e-02
680            679.0     -2.0020e-01   -1.7089e-07     4.840e-02
681            680.0     -2.0020e-01   -1.7541e-07     6.977e-02
682            681.0     -2.0020e-01   -1.5099e-07     7.731e-02
683            682.0     -2.0020e-01   -1.3423e-07     7.062e-02
684            683.0     -2.0020e-01   -1.6360e-07     8.986e-02
685            684.0     -2.0020e-01   -1.8228e-07     6.109e-02
686            685.0     -2.0020e-01   -1.5881e-07     7.369e-02
687            686.0     -2.0020e-01   -1.5824e-07     6.335e-02
688            687.0     -2.0020e-01   -1.5637e-07     7.437e-02
689            688.0     -2.0020e-01   -1.6219e-07     7.174e-02
690            689.0     -2.0020e-01   -1.2675e-07     7.077e-02
691            690.0     -2.0020e-01   -1.4134e-07     7.106e-02
692            691.0     -2.0020e-01   -1.5545e-07     5.821e-02
693            692.0     -2.0020e-01   -1.5986e-07     2.130e-02
694            693.0     -2.0020e-01   -1.5141e-07     5.943e-02
695            694.0     -2.0020e-01   -1.4996e-07    -4.155e-03
696            695.0     -2.0020e-01   -1.6074e-07     4.738e-02
697            696.0     -2.0020e-01   -1.5097e-07     5.965e-02
698            697.0     -2.0020e-01   -1.4777e-07     2.361e-02
699            698.0     -2.0020e-01   -1.4234e-07     2.789e-02
700            699.0     -2.0020e-01   -1.5449e-07     3.608e-02
701            700.0     -2.0020e-01   -1.5286e-07     7.071e-02
702            701.0     -2.0020e-01   -1.3076e-07     6.632e-02
703            702.0     -2.0020e-01   -1.4975e-07     7.335e-02
704            703.0     -2.0020e-01   -1.3922e-07     8.588e-02
705            704.0     -2.0020e-01   -1.4658e-07     9.691e-02
706            705.0     -2.0020e-01   -1.7033e-07     6.579e-02
707            706.0     -2.0020e-01   -1.4366e-07     4.254e-02
708            707.0     -2.0020e-01   -1.6325e-07     8.302e-02
709            708.0     -2.0020e-01   -1.3675e-07     8.172e-02
710            709.0     -2.0020e-01   -1.5903e-07     6.300e-02
711            710.0     -2.0020e-01   -1.6439e-07     8.361e-02
712            711.0     -2.0020e-01   -1.4721e-07     2.581e-02
713            712.0     -2.0020e-01   -1.4430e-07     4.240e-02
714            713.0     -2.0020e-01   -1.3174e-07     6.868e-02
715            714.0     -2.0020e-01   -1.4160e-07     3.918e-02
716            715.0     -2.0020e-01   -1.5128e-07     5.067e-02
717            716.0     -2.0020e-01   -1.8212e-07     2.490e-02
718            717.0     -2.0020e-01   -1.8628e-07     2.536e-02
719            718.0     -2.0020e-01   -1.5325e-07     2.839e-02
720            719.0     -2.0020e-01   -1.5845e-07     4.843e-02
721            720.0     -2.0020e-01   -1.6610e-07     3.728e-02
