File............:  sc_tdlast - MAY,22.2025

System..........:  CIMPS control file
Control.........:  1905lsw-2
Temperature.....:  unknown
Time............:  MAY,22.2025
Comment.........:  12:46:35 - 12:58:36
                   
                   
                   
                   
Electr.area/sqcm:  
                    
polarization data

Lines:   721
Columns: 4

Number     Time/s     Potential/V    Current/A    Intensity/Wm-2
1              0.0    -2.0020e-01   -1.6184e-07    1.969e-02     
2              1.0    -2.0020e-01   -1.5249e-07    3.831e-02     
3              2.0    -2.0020e-01   -1.4551e-07    5.535e-02     
4              3.0    -2.0020e-01   -1.4526e-07    6.521e-02     
5              4.0    -2.0020e-01   -1.5227e-07    4.038e-02     
6              5.0    -2.0020e-01   -1.4402e-07    3.770e-02     
7              6.0    -2.0020e-01   -1.4348e-07    6.253e-02     
8              7.0    -2.0020e-01   -1.4381e-07    3.344e-02     
9              8.0    -2.0020e-01   -1.3416e-07    2.334e-02     
10             9.0    -2.0020e-01   -1.3418e-07    3.478e-02     
11            10.0    -2.0020e-01   -1.2985e-07    5.474e-02     
12            11.0    -2.0020e-01   -1.4112e-07    6.083e-02     
13            12.0    -2.0020e-01   -1.3506e-07    4.768e-02     
14            13.0    -2.0020e-01   -1.3567e-07    4.281e-02     
15            14.0    -2.0020e-01   -1.3617e-07    1.134e-01     
16            15.0    -2.0020e-01   -1.3119e-07    6.131e-02     
17            16.0    -2.0020e-01   -1.4073e-07    4.135e-02     
18            17.0    -2.0020e-01   -1.3506e-07    3.503e-02     
19            18.0    -2.0020e-01   -1.4077e-07    3.871e-03     
20            19.0    -2.0020e-01   -1.4176e-07    7.458e-02     
21            20.0    -2.0020e-01   -1.3243e-07    3.709e-02     
22            21.0    -2.0020e-01   -1.4444e-07    3.624e-02     
23            22.0    -2.0020e-01   -1.4086e-07    6.825e-02     
24            23.0    -2.0020e-01   -1.4357e-07    3.150e-02     
25            24.0    -2.0020e-01   -1.4889e-07    2.152e-02     
26            25.0    -2.0020e-01   -1.3061e-07    8.237e-02     
27            26.0    -2.0020e-01   -1.4835e-07    5.571e-02     
28            27.0    -2.0020e-01   -1.5328e-07    4.160e-02     
29            28.0    -2.0020e-01   -1.4931e-07    5.389e-02     
30            29.0    -2.0020e-01   -1.3934e-07    3.612e-02     
31            30.0    -2.0020e-01   -1.3771e-07    8.285e-02     
32            31.0    -2.0020e-01   -1.3697e-07    6.423e-02     
33            32.0    -2.0020e-01   -1.3266e-07   -2.092e-03     
34            33.0    -2.0020e-01   -1.3972e-07    4.866e-02     
35            34.0    -2.0020e-01   -1.3319e-07    4.756e-02     
36            35.0    -2.0020e-01   -1.3332e-07    5.377e-02     
37            36.0    -2.0020e-01   -1.5187e-07    2.532e-03     
38            37.0    -2.0020e-01   -1.4463e-07    1.628e-02     
39            38.0    -2.0020e-01   -1.3736e-07    2.079e-02     
40            39.0    -2.0020e-01   -1.4294e-07    1.275e-02     
41            40.0    -2.0020e-01   -1.3925e-07    2.699e-02     
42            41.0    -2.0020e-01   -1.4134e-07    5.474e-02     
43            42.0    -2.0020e-01   -1.3192e-07    5.219e-02     
44            43.0    -2.0020e-01   -1.3891e-07    5.985e-02     
45            44.0    -2.0020e-01   -1.3081e-07    4.135e-02     
46            45.0    -2.0020e-01   -1.3395e-07    5.097e-02     
47            46.0    -2.0020e-01   -1.3747e-07    5.036e-02     
48            47.0    -2.0020e-01   -1.3112e-07    6.363e-02     
49            48.0    -2.0020e-01   -1.4462e-07    5.547e-02     
50            49.0    -2.0020e-01   -1.3224e-07    6.119e-02     
51            50.0    -2.0020e-01   -1.3597e-07    6.898e-02     
52            51.0    -2.0020e-01   -1.2875e-07    9.734e-02     
53            52.0    -2.0020e-01   -1.3355e-07    8.005e-02     
54            53.0    -2.0020e-01   -1.4053e-07    6.545e-02     
55            54.0    -2.0020e-01   -1.3929e-07    7.604e-02     
56            55.0    -2.0020e-01   -1.3666e-07    8.529e-02     
57            56.0    -2.0020e-01   -1.4407e-07    6.326e-02     
58            57.0    -2.0020e-01   -1.3990e-07    4.939e-02     
59            58.0    -2.0020e-01   -1.4284e-07    5.060e-02     
60            59.0    -2.0020e-01   -1.4113e-07    5.206e-02     
61            60.0    -2.0020e-01   -1.2904e-07    6.740e-02     
62            61.0    -2.0020e-01   -1.3104e-07    1.006e-01     
63            62.0    -2.0020e-01   -1.3767e-07    4.525e-02     
64            63.0    -2.0020e-01   -1.2788e-07    5.571e-02     
65            64.0    -2.0020e-01   -1.2936e-07    9.040e-02     
66            65.0    -2.0020e-01   -1.2765e-07    8.127e-02     
67            66.0    -2.0020e-01   -1.3974e-07    2.030e-02     
68            67.0    -2.0020e-01   -1.4234e-07    8.322e-02     
69            68.0    -2.0020e-01   -1.3130e-07    5.681e-02     
70            69.0    -2.0020e-01   -1.3413e-07    8.212e-02     
71            70.0    -2.0020e-01   -1.3424e-07    2.505e-02     
72            71.0    -2.0020e-01   -1.4256e-07    8.468e-02     
73            72.0    -2.0020e-01   -1.3308e-07    4.999e-02     
74            73.0    -2.0020e-01   -1.3736e-07    7.884e-02     
75            74.0    -2.0020e-01   -1.3813e-07    5.085e-02     
76            75.0    -2.0020e-01   -1.4217e-07    8.005e-02     
77            76.0    -2.0020e-01   -1.3442e-07    7.713e-02     
78            77.0    -2.0020e-01   -1.5071e-07    8.577e-02     
79            78.0    -2.0020e-01   -1.4515e-07    6.277e-02     
80            79.0    -2.0020e-01   -1.3885e-07    6.740e-02     
81            80.0    -2.0020e-01   -1.4121e-07    6.837e-02     
82            81.0    -2.0020e-01   -1.3764e-07    7.640e-02     
83            82.0    -2.0020e-01   -1.3866e-07    4.914e-02     
84            83.0    -2.0020e-01   -1.4459e-07    6.898e-02     
85            84.0    -2.0020e-01   -1.2819e-07    4.403e-02     
86            85.0    -2.0020e-01   -1.2932e-07    4.257e-02     
87            86.0    -2.0020e-01   -1.2645e-07    9.478e-02     
88            87.0    -2.0020e-01   -1.4564e-07    6.143e-02     
89            88.0    -2.0020e-01   -1.3420e-07    4.476e-02     
90            89.0    -2.0020e-01   -1.3449e-07    6.034e-02     
91            90.0    -2.0020e-01   -1.3199e-07    5.973e-02     
92            91.0    -2.0020e-01   -1.3274e-07    7.336e-02     
93            92.0    -2.0020e-01   -1.3295e-07    1.056e-02     
94            93.0    -2.0020e-01   -1.4050e-07    5.596e-02     
95            94.0    -2.0020e-01   -1.2775e-07    5.182e-02     
96            95.0    -2.0020e-01   -1.3743e-07    5.547e-02     
97            96.0    -2.0020e-01   -1.2914e-07    4.805e-02     
98            97.0    -2.0020e-01   -1.2981e-07    3.430e-02     
99            98.0    -2.0020e-01   -1.3629e-07    7.762e-02     
100           99.0    -2.0020e-01   -1.3820e-07    4.659e-02     
101          100.0    -2.0020e-01   -1.2997e-07    2.444e-02     
102          101.0    -2.0020e-01   -1.3054e-07    5.231e-02     
103          102.0    -2.0020e-01   -1.3477e-07    3.089e-02     
104          103.0    -2.0020e-01   -1.3793e-07    2.529e-02     
105          104.0    -2.0020e-01   -1.1614e-07    2.334e-02     
106          105.0    -2.0020e-01   -1.3153e-07    3.880e-02     
107          106.0    -2.0020e-01   -1.3250e-07   -3.918e-03     
108          107.0    -2.0020e-01   -1.3147e-07    3.028e-02     
109          108.0    -2.0020e-01   -1.3578e-07    2.152e-02     
110          109.0    -2.0020e-01   -1.3271e-07    1.726e-02     
111          110.0    -2.0020e-01   -1.2775e-07    4.184e-02     
112          111.0    -2.0020e-01   -1.3379e-07    6.472e-02     
113          112.0    -2.0020e-01   -1.3450e-07    5.912e-02     
114          113.0    -2.0020e-01   -1.3117e-07    7.336e-02     
115          114.0    -2.0020e-01   -1.3394e-07    6.630e-02     
116          115.0    -2.0020e-01   -1.3235e-07    6.849e-02     
117          116.0    -2.0020e-01   -1.3713e-07    7.141e-02     
118          117.0    -2.0020e-01   -1.3450e-07    2.444e-02     
119          118.0    -2.0020e-01   -1.3692e-07    1.194e-03     
120          119.0    -2.0020e-01   -1.3263e-07    7.506e-01     
121          120.0    -2.0020e-01   -1.2662e-07    8.801e-01     
122          121.0    -2.0020e-01   -9.2397e-08    8.853e-01     
123          122.0    -2.0020e-01   -1.1567e-07    8.965e-01     
124          123.0    -2.0020e-01   -1.3748e-07    8.817e-01     
125          124.0    -2.0020e-01   -1.3891e-07    9.074e-01     
126          125.0    -2.0020e-01   -1.4658e-07    9.138e-01     
127          126.0    -2.0020e-01   -1.4792e-07    9.060e-01     
128          127.0    -2.0020e-01   -1.4516e-07    9.124e-01     
129          128.0    -2.0020e-01   -1.6004e-07    9.248e-01     
130          129.0    -2.0020e-01   -1.4882e-07    9.102e-01     
131          130.0    -2.0020e-01   -1.5903e-07    9.103e-01     
132          131.0    -2.0020e-01   -1.6160e-07    8.825e-01     
133          132.0    -2.0020e-01   -1.5480e-07    9.033e-01     
134          133.0    -2.0020e-01   -1.5994e-07    9.098e-01     
135          134.0    -2.0020e-01   -1.5149e-07    8.951e-01     
136          135.0    -2.0020e-01   -1.5059e-07    8.909e-01     
137          136.0    -2.0020e-01   -1.5241e-07    8.700e-01     
138          137.0    -2.0020e-01   -1.5840e-07    8.767e-01     
139          138.0    -2.0020e-01   -1.5113e-07    9.289e-01     
140          139.0    -2.0020e-01   -1.6290e-07    8.188e-02     
141          140.0    -2.0020e-01   -1.5297e-07    3.819e-02     
142          141.0    -2.0020e-01   -1.5578e-07    3.247e-02     
143          142.0    -2.0020e-01   -1.5137e-07    3.576e-02     
144          143.0    -2.0020e-01   -1.5866e-07    1.969e-02     
145          144.0    -2.0020e-01   -1.4422e-07    6.290e-02     
146          145.0    -2.0020e-01   -1.6083e-07    3.284e-02     
147          146.0    -2.0020e-01   -1.5726e-07    6.010e-02     
148          147.0    -2.0020e-01   -1.5265e-07    5.949e-02     
149          148.0    -2.0020e-01   -1.4602e-07    3.259e-02     
150          149.0    -2.0020e-01   -1.4423e-07    3.247e-02     
151          150.0    -2.0020e-01   -1.5490e-07    2.517e-02     
152          151.0    -2.0020e-01   -1.5368e-07    2.480e-02     
153          152.0    -2.0020e-01   -1.5207e-07   -1.207e-02     
154          153.0    -2.0020e-01   -1.4921e-07    2.480e-02     
155          154.0    -2.0020e-01   -1.3687e-07    1.994e-02     
156          155.0    -2.0020e-01   -1.4148e-07    2.359e-02     
157          156.0    -2.0020e-01   -1.4521e-07   -1.341e-02     
158          157.0    -2.0020e-01   -1.4664e-07    3.904e-02     
159          158.0    -2.0020e-01   -1.4456e-07    9.028e-02     
160          159.0    -2.0020e-01   -1.3769e-07    1.690e+00     
161          160.0    -2.0020e-01   -1.4556e-07    1.841e+00     
162          161.0    -2.0020e-01   -1.3960e-07    1.803e+00     
163          162.0    -2.0020e-01   -1.5748e-07    1.850e+00     
164          163.0    -2.0020e-01   -1.5823e-07    1.783e+00     
165          164.0    -2.0020e-01   -1.4808e-07    1.820e+00     
166          165.0    -2.0020e-01   -1.5734e-07    1.824e+00     
167          166.0    -2.0020e-01   -1.6818e-07    1.838e+00     
168          167.0    -2.0020e-01   -1.6690e-07    1.808e+00     
169          168.0    -2.0020e-01   -1.5963e-07    1.822e+00     
170          169.0    -2.0020e-01   -1.5788e-07    1.832e+00     
171          170.0    -2.0020e-01   -1.6350e-07    1.814e+00     
172          171.0    -2.0020e-01   -1.7263e-07    1.842e+00     
173          172.0    -2.0020e-01   -1.7047e-07    1.840e+00     
174          173.0    -2.0020e-01   -1.7241e-07    1.834e+00     
175          174.0    -2.0020e-01   -1.5436e-07    1.835e+00     
176          175.0    -2.0020e-01   -1.6278e-07    1.825e+00     
177          176.0    -2.0020e-01   -1.6927e-07    1.799e+00     
178          177.0    -2.0020e-01   -1.6108e-07    1.836e+00     
179          178.0    -2.0020e-01   -1.8408e-07    1.804e+00     
180          179.0    -2.0020e-01   -1.7329e-07    5.608e-02     
181          180.0    -2.0020e-01   -1.7114e-07    7.190e-02     
182          181.0    -2.0020e-01   -1.6440e-07    4.561e-02     
183          182.0    -2.0020e-01   -1.7028e-07    7.227e-02     
184          183.0    -2.0020e-01   -1.6271e-07    2.809e-02     
185          184.0    -2.0020e-01   -1.5935e-07    4.561e-02     
186          185.0    -2.0020e-01   -1.6292e-07    7.385e-02     
187          186.0    -2.0020e-01   -1.6382e-07    5.766e-02     
188          187.0    -2.0020e-01   -1.6176e-07    5.243e-02     
189          188.0    -2.0020e-01   -1.4291e-07    6.192e-02     
190          189.0    -2.0020e-01   -1.5989e-07    2.748e-02     
191          190.0    -2.0020e-01   -1.5440e-07    3.576e-02     
192          191.0    -2.0020e-01   -1.5053e-07    3.831e-02     
193          192.0    -2.0020e-01   -1.5672e-07    6.521e-02     
194          193.0    -2.0020e-01   -1.5196e-07    1.227e-02     
195          194.0    -2.0020e-01   -1.4077e-07    1.689e-02     
196          195.0    -2.0020e-01   -1.5271e-07    1.409e-02     
197          196.0    -2.0020e-01   -1.5440e-07    2.042e-02     
198          197.0    -2.0020e-01   -1.5161e-07    1.227e-02     
199          198.0    -2.0020e-01   -1.4382e-07    1.519e-02     
200          199.0    -2.0020e-01   -1.4285e-07    2.973e+00     
201          200.0    -2.0020e-01   -1.4657e-07    3.051e+00     
202          201.0    -2.0020e-01   -1.3924e-07    3.079e+00     
203          202.0    -2.0020e-01   -1.5292e-07    3.073e+00     
204          203.0    -2.0020e-01   -1.6491e-07    3.047e+00     
205          204.0    -2.0020e-01   -1.7712e-07    3.082e+00     
206          205.0    -2.0020e-01   -1.7898e-07    3.101e+00     
207          206.0    -2.0020e-01   -1.8049e-07    3.095e+00     
208          207.0    -2.0020e-01   -1.7177e-07    3.088e+00     
209          208.0    -2.0020e-01   -1.7261e-07    3.099e+00     
210          209.0    -2.0020e-01   -1.8110e-07    3.069e+00     
211          210.0    -2.0020e-01   -1.6488e-07    3.050e+00     
212          211.0    -2.0020e-01   -1.8300e-07    3.082e+00     
213          212.0    -2.0020e-01   -1.6905e-07    3.112e+00     
214          213.0    -2.0020e-01   -1.7252e-07    3.117e+00     
215          214.0    -2.0020e-01   -1.8109e-07    3.081e+00     
216          215.0    -2.0020e-01   -1.8221e-07    3.059e+00     
217          216.0    -2.0020e-01   -1.7343e-07    3.078e+00     
218          217.0    -2.0020e-01   -1.6605e-07    3.064e+00     
219          218.0    -2.0020e-01   -1.8009e-07    3.051e+00     
220          219.0    -2.0020e-01   -1.6153e-07   -2.214e-03     
221          220.0    -2.0020e-01   -1.7438e-07    4.148e-02     
222          221.0    -2.0020e-01   -1.8077e-07    6.241e-02     
223          222.0    -2.0020e-01   -1.6816e-07    7.957e-02     
224          223.0    -2.0020e-01   -1.7218e-07    6.290e-02     
225          224.0    -2.0020e-01   -1.6594e-07    3.892e-02     
226          225.0    -2.0020e-01   -1.6763e-07    3.247e-02     
227          226.0    -2.0020e-01   -1.6326e-07    6.484e-02     
228          227.0    -2.0020e-01   -1.7702e-07    6.168e-02     
229          228.0    -2.0020e-01   -1.5296e-07    5.255e-02     
230          229.0    -2.0020e-01   -1.5131e-07    3.490e-02     
231          230.0    -2.0020e-01   -1.5606e-07    3.016e-02     
232          231.0    -2.0020e-01   -1.5069e-07    7.482e-02     
233          232.0    -2.0020e-01   -1.5373e-07    6.618e-02     
234          233.0    -2.0020e-01   -1.5168e-07    5.255e-02     
235          234.0    -2.0020e-01   -1.4824e-07    5.012e-02     
236          235.0    -2.0020e-01   -1.5806e-07    8.066e-02     
237          236.0    -2.0020e-01   -1.4677e-07    4.926e-02     
238          237.0    -2.0020e-01   -1.5737e-07    3.174e-02     
239          238.0    -2.0020e-01   -1.5101e-07    4.233e-02     
240          239.0    -2.0020e-01   -1.4277e-07    3.834e+00     
241          240.0    -2.0020e-01   -1.4075e-07    3.985e+00     
242          241.0    -2.0020e-01   -1.4651e-07    4.018e+00     
243          242.0    -2.0020e-01   -1.6392e-07    4.002e+00     
244          243.0    -2.0020e-01   -1.7031e-07    4.023e+00     
245          244.0    -2.0020e-01   -1.6766e-07    3.993e+00     
246          245.0    -2.0020e-01   -1.8059e-07    3.995e+00     
247          246.0    -2.0020e-01   -1.7829e-07    4.009e+00     
248          247.0    -2.0020e-01   -1.8837e-07    4.014e+00     
249          248.0    -2.0020e-01   -1.7247e-07    4.002e+00     
250          249.0    -2.0020e-01   -1.7485e-07    4.022e+00     
251          250.0    -2.0020e-01   -1.8251e-07    4.016e+00     
252          251.0    -2.0020e-01   -1.7200e-07    4.006e+00     
253          252.0    -2.0020e-01   -1.8908e-07    3.988e+00     
254          253.0    -2.0020e-01   -1.7706e-07    3.987e+00     
255          254.0    -2.0020e-01   -1.7996e-07    4.014e+00     
256          255.0    -2.0020e-01   -1.8930e-07    4.012e+00     
257          256.0    -2.0020e-01   -1.7899e-07    3.979e+00     
258          257.0    -2.0020e-01   -1.8755e-07    4.018e+00     
259          258.0    -2.0020e-01   -1.8735e-07    4.009e+00     
260          259.0    -2.0020e-01   -1.9511e-07    5.206e-02     
261          260.0    -2.0020e-01   -1.8368e-07    4.537e-02     
262          261.0    -2.0020e-01   -1.7918e-07    6.010e-02     
263          262.0    -2.0020e-01   -1.7217e-07    5.048e-02     
264          263.0    -2.0020e-01   -1.7568e-07    5.912e-02     
265          264.0    -2.0020e-01   -1.6709e-07    4.610e-02     
266          265.0    -2.0020e-01   -1.6797e-07    5.292e-02     
267          266.0    -2.0020e-01   -1.6775e-07    4.330e-02     
268          267.0    -2.0020e-01   -1.6337e-07    1.166e-02     
269          268.0    -2.0020e-01   -1.6185e-07    3.223e-02     
270          269.0    -2.0020e-01   -1.5838e-07    2.821e-02     
271          270.0    -2.0020e-01   -1.5451e-07    4.391e-02     
272          271.0    -2.0020e-01   -1.5435e-07    6.509e-02     
273          272.0    -2.0020e-01   -1.6169e-07    7.543e-02     
274          273.0    -2.0020e-01   -1.6229e-07    5.097e-02     
275          274.0    -2.0020e-01   -1.6615e-07    6.387e-02     
276          275.0    -2.0020e-01   -1.4776e-07    8.577e-02     
277          276.0    -2.0020e-01   -1.5444e-07    7.847e-02     
278          277.0    -2.0020e-01   -1.4524e-07    4.999e-02     
279          278.0    -2.0020e-01   -1.6147e-07    7.506e-02     
280          279.0    -2.0020e-01   -1.5185e-07    4.820e+00     
281          280.0    -2.0020e-01   -1.3425e-07    4.949e+00     
282          281.0    -2.0020e-01   -1.4475e-07    4.950e+00     
283          282.0    -2.0020e-01   -1.6367e-07    4.950e+00     
284          283.0    -2.0020e-01   -1.7598e-07    4.934e+00     
285          284.0    -2.0020e-01   -1.7686e-07    4.957e+00     
286          285.0    -2.0020e-01   -1.8709e-07    4.939e+00     
287          286.0    -2.0020e-01   -1.8298e-07    4.942e+00     
288          287.0    -2.0020e-01   -1.8013e-07    4.957e+00     
289          288.0    -2.0020e-01   -1.9120e-07    4.917e+00     
290          289.0    -2.0020e-01   -1.8909e-07    4.926e+00     
291          290.0    -2.0020e-01   -1.8420e-07    4.925e+00     
292          291.0    -2.0020e-01   -1.8732e-07    4.924e+00     
293          292.0    -2.0020e-01   -1.8479e-07    4.943e+00     
294          293.0    -2.0020e-01   -1.8422e-07    4.955e+00     
295          294.0    -2.0020e-01   -1.9345e-07    4.959e+00     
296          295.0    -2.0020e-01   -1.8712e-07    4.958e+00     
297          296.0    -2.0020e-01   -1.8977e-07    4.932e+00     
298          297.0    -2.0020e-01   -1.9050e-07    4.955e+00     
299          298.0    -2.0020e-01   -1.8807e-07    4.950e+00     
300          299.0    -2.0020e-01   -1.9241e-07    7.689e-02     
301          300.0    -2.0020e-01   -1.8281e-07    3.454e-02     
302          301.0    -2.0020e-01   -1.9230e-07    5.182e-02     
303          302.0    -2.0020e-01   -1.8681e-07    6.691e-02     
304          303.0    -2.0020e-01   -1.8046e-07    6.183e-03     
305          304.0    -2.0020e-01   -1.7711e-07    2.273e-02     
306          305.0    -2.0020e-01   -1.7017e-07    7.105e-02     
307          306.0    -2.0020e-01   -1.7087e-07    4.732e-02     
308          307.0    -2.0020e-01   -1.7520e-07    3.993e-03     
309          308.0    -2.0020e-01   -1.6795e-07    5.133e-02     
310          309.0    -2.0020e-01   -1.6916e-07    5.705e-02     
311          310.0    -2.0020e-01   -1.6092e-07    2.432e-02     
312          311.0    -2.0020e-01   -1.6415e-07    2.882e-02     
313          312.0    -2.0020e-01   -1.4734e-07    4.707e-02     
314          313.0    -2.0020e-01   -1.4353e-07    6.192e-02     
315          314.0    -2.0020e-01   -1.6357e-07    3.722e-02     
316          315.0    -2.0020e-01   -1.5425e-07   -1.134e-02     
317          316.0    -2.0020e-01   -1.5546e-07    1.933e-02     
318          317.0    -2.0020e-01   -1.5512e-07    1.409e-02     
319          318.0    -2.0020e-01   -1.5694e-07    5.839e-02     
320          319.0    -2.0020e-01   -1.4902e-07    5.763e+00     
321          320.0    -2.0020e-01   -1.4762e-07    5.829e+00     
322          321.0    -2.0020e-01   -1.4530e-07    5.850e+00     
323          322.0    -2.0020e-01   -1.6971e-07    5.803e+00     
324          323.0    -2.0020e-01   -1.8246e-07    5.849e+00     
325          324.0    -2.0020e-01   -1.9706e-07    5.803e+00     
326          325.0    -2.0020e-01   -1.8485e-07    5.883e+00     
327          326.0    -2.0020e-01   -1.8566e-07    5.866e+00     
328          327.0    -2.0020e-01   -1.8247e-07    5.840e+00     
329          328.0    -2.0020e-01   -1.8832e-07    5.816e+00     
330          329.0    -2.0020e-01   -1.8318e-07    5.876e+00     
331          330.0    -2.0020e-01   -1.9401e-07    5.863e+00     
332          331.0    -2.0020e-01   -1.8161e-07    5.821e+00     
333          332.0    -2.0020e-01   -1.9680e-07    5.858e+00     
334          333.0    -2.0020e-01   -1.9701e-07    5.826e+00     
335          334.0    -2.0020e-01   -1.9496e-07    5.862e+00     
336          335.0    -2.0020e-01   -1.9430e-07    5.879e+00     
337          336.0    -2.0020e-01   -1.9199e-07    5.934e+00     
338          337.0    -2.0020e-01   -1.9392e-07    5.842e+00     
339          338.0    -2.0020e-01   -2.0147e-07    5.840e+00     
340          339.0    -2.0020e-01   -1.9564e-07    4.050e-02     
341          340.0    -2.0020e-01   -1.9327e-07   -3.431e-03     
342          341.0    -2.0020e-01   -1.9311e-07   -1.280e-02     
343          342.0    -2.0020e-01   -1.9788e-07    4.683e-02     
344          343.0    -2.0020e-01   -1.7428e-07    5.210e-03     
345          344.0    -2.0020e-01   -1.8110e-07    3.016e-02     
346          345.0    -2.0020e-01   -1.7857e-07    2.833e-02     
347          346.0    -2.0020e-01   -1.7230e-07    6.290e-02     
348          347.0    -2.0020e-01   -1.6622e-07    3.077e-02     
349          348.0    -2.0020e-01   -1.6854e-07    3.892e-02     
350          349.0    -2.0020e-01   -1.7588e-07    3.929e-02     
351          350.0    -2.0020e-01   -1.5943e-07    6.545e-02     
352          351.0    -2.0020e-01   -1.6241e-07    6.070e-02     
353          352.0    -2.0020e-01   -1.6290e-07    4.513e-02     
354          353.0    -2.0020e-01   -1.6602e-07    2.566e-02     
355          354.0    -2.0020e-01   -1.5590e-07    4.914e-02     
356          355.0    -2.0020e-01   -1.5646e-07    3.770e-02     
357          356.0    -2.0020e-01   -1.5899e-07    5.012e-02     
358          357.0    -2.0020e-01   -1.4674e-07    2.371e-02     
359          358.0    -2.0020e-01   -1.4829e-07    1.884e-02     
360          359.0    -2.0020e-01   -1.6557e-07    6.960e+00     
361          360.0    -2.0020e-01   -1.5541e-07    7.070e+00     
362          361.0    -2.0020e-01   -1.4906e-07    7.061e+00     
363          362.0    -2.0020e-01   -1.7386e-07    7.068e+00     
364          363.0    -2.0020e-01   -1.9243e-07    7.067e+00     
365          364.0    -2.0020e-01   -1.8145e-07    7.120e+00     
366          365.0    -2.0020e-01   -1.8663e-07    7.057e+00     
367          366.0    -2.0020e-01   -1.9158e-07    7.069e+00     
368          367.0    -2.0020e-01   -1.8340e-07    7.026e+00     
369          368.0    -2.0020e-01   -1.9625e-07    7.063e+00     
370          369.0    -2.0020e-01   -2.0100e-07    7.072e+00     
371          370.0    -2.0020e-01   -2.0098e-07    7.061e+00     
372          371.0    -2.0020e-01   -1.9315e-07    7.096e+00     
373          372.0    -2.0020e-01   -1.9961e-07    7.073e+00     
374          373.0    -2.0020e-01   -1.9936e-07    7.072e+00     
375          374.0    -2.0020e-01   -2.0760e-07    7.046e+00     
376          375.0    -2.0020e-01   -1.9282e-07    7.084e+00     
377          376.0    -2.0020e-01   -1.9869e-07    7.069e+00     
378          377.0    -2.0020e-01   -2.1975e-07    7.081e+00     
379          378.0    -2.0020e-01   -2.0562e-07    7.046e+00     
380          379.0    -2.0020e-01   -1.9776e-07    6.204e-02     
381          380.0    -2.0020e-01   -2.0036e-07    5.474e-02     
382          381.0    -2.0020e-01   -1.8874e-07    8.480e-02     
383          382.0    -2.0020e-01   -1.8789e-07    6.582e-02     
384          383.0    -2.0020e-01   -1.8486e-07    7.908e-02     
385          384.0    -2.0020e-01   -1.7449e-07    5.292e-02     
386          385.0    -2.0020e-01   -1.6681e-07    7.032e-02     
387          386.0    -2.0020e-01   -1.6159e-07    3.649e-02     
388          387.0    -2.0020e-01   -1.6727e-07    4.780e-02     
389          388.0    -2.0020e-01   -1.6676e-07    4.257e-02     
390          389.0    -2.0020e-01   -1.6603e-07    4.379e-02     
391          390.0    -2.0020e-01   -1.5981e-07    2.654e-03     
392          391.0    -2.0020e-01   -1.6093e-07    6.216e-02     
393          392.0    -2.0020e-01   -1.5751e-07    6.667e-02     
394          393.0    -2.0020e-01   -1.6749e-07    4.805e-02     
395          394.0    -2.0020e-01   -1.5482e-07    9.295e-02     
396          395.0    -2.0020e-01   -1.6189e-07    4.367e-02     
397          396.0    -2.0020e-01   -1.5663e-07    6.399e-02     
398          397.0    -2.0020e-01   -1.5132e-07    3.819e-02     
399          398.0    -2.0020e-01   -1.5476e-07    9.381e-02     
400          399.0    -2.0020e-01   -1.7321e-07    7.900e+00     
401          400.0    -2.0020e-01   -1.5899e-07    8.021e+00     
402          401.0    -2.0020e-01   -1.5220e-07    8.021e+00     
403          402.0    -2.0020e-01   -1.8125e-07    7.974e+00     
404          403.0    -2.0020e-01   -1.8554e-07    7.996e+00     
405          404.0    -2.0020e-01   -1.7952e-07    7.977e+00     
406          405.0    -2.0020e-01   -1.8342e-07    8.020e+00     
407          406.0    -2.0020e-01   -2.0108e-07    8.000e+00     
408          407.0    -2.0020e-01   -1.9346e-07    7.984e+00     
409          408.0    -2.0020e-01   -1.9146e-07    8.048e+00     
410          409.0    -2.0020e-01   -2.0013e-07    7.998e+00     
411          410.0    -2.0020e-01   -1.9387e-07    7.992e+00     
412          411.0    -2.0020e-01   -1.9538e-07    8.001e+00     
413          412.0    -2.0020e-01   -1.9826e-07    7.993e+00     
414          413.0    -2.0020e-01   -1.9269e-07    8.032e+00     
415          414.0    -2.0020e-01   -1.9403e-07    7.996e+00     
416          415.0    -2.0020e-01   -1.9642e-07    7.990e+00     
417          416.0    -2.0020e-01   -2.0099e-07    7.992e+00     
418          417.0    -2.0020e-01   -2.0047e-07    8.012e+00     
419          418.0    -2.0020e-01   -1.9317e-07    7.986e+00     
420          419.0    -2.0020e-01   -2.0825e-07    5.705e-02     
421          420.0    -2.0020e-01   -1.9719e-07    5.937e-02     
422          421.0    -2.0020e-01   -2.0303e-07    8.431e-02     
423          422.0    -2.0020e-01   -1.8739e-07    9.198e-02     
424          423.0    -2.0020e-01   -1.8522e-07    3.831e-02     
425          424.0    -2.0020e-01   -1.7565e-07    5.973e-02     
426          425.0    -2.0020e-01   -1.6443e-07    8.054e-02     
427          426.0    -2.0020e-01   -1.6988e-07    9.734e-02     
428          427.0    -2.0020e-01   -1.6664e-07    4.367e-02     
429          428.0    -2.0020e-01   -1.6655e-07    4.452e-02     
430          429.0    -2.0020e-01   -1.6121e-07    5.803e-02     
431          430.0    -2.0020e-01   -1.6474e-07    3.284e-02     
432          431.0    -2.0020e-01   -1.6378e-07    5.815e-02     
433          432.0    -2.0020e-01   -1.6293e-07    2.870e-02     
434          433.0    -2.0020e-01   -1.6351e-07    5.523e-02     
435          434.0    -2.0020e-01   -1.6426e-07    3.506e-03     
436          435.0    -2.0020e-01   -1.6675e-07    9.125e-02     
437          436.0    -2.0020e-01   -1.5745e-07    5.219e-02     
438          437.0    -2.0020e-01   -1.6006e-07    5.413e-02     
439          438.0    -2.0020e-01   -1.5062e-07    6.229e-02     
440          439.0    -2.0020e-01   -1.6490e-07    9.962e+00     
441          440.0    -2.0020e-01   -1.5395e-07    1.014e+01     
442          441.0    -2.0020e-01   -1.5876e-07    1.013e+01     
443          442.0    -2.0020e-01   -1.7839e-07    1.013e+01     
444          443.0    -2.0020e-01   -1.9632e-07    1.011e+01     
445          444.0    -2.0020e-01   -1.8144e-07    1.013e+01     
446          445.0    -2.0020e-01   -1.9689e-07    1.013e+01     
447          446.0    -2.0020e-01   -1.9272e-07    1.008e+01     
448          447.0    -2.0020e-01   -2.0037e-07    1.017e+01     
449          448.0    -2.0020e-01   -2.1025e-07    1.012e+01     
450          449.0    -2.0020e-01   -1.9553e-07    1.012e+01     
451          450.0    -2.0020e-01   -1.8997e-07    1.014e+01     
452          451.0    -2.0020e-01   -2.0484e-07    1.008e+01     
453          452.0    -2.0020e-01   -1.9721e-07    1.013e+01     
454          453.0    -2.0020e-01   -2.0681e-07    1.019e+01     
455          454.0    -2.0020e-01   -2.0552e-07    1.016e+01     
456          455.0    -2.0020e-01   -2.0425e-07    1.018e+01     
457          456.0    -2.0020e-01   -2.0453e-07    1.014e+01     
458          457.0    -2.0020e-01   -2.0937e-07    1.015e+01     
459          458.0    -2.0020e-01   -2.0271e-07    1.012e+01     
460          459.0    -2.0020e-01   -1.9450e-07    6.302e-02     
461          460.0    -2.0020e-01   -2.0288e-07    5.864e-02     
462          461.0    -2.0020e-01   -2.1033e-07    6.350e-02     
463          462.0    -2.0020e-01   -1.9979e-07    7.555e-02     
464          463.0    -2.0020e-01   -1.8754e-07    3.198e-02     
465          464.0    -2.0020e-01   -1.8604e-07    5.803e-02     
466          465.0    -2.0020e-01   -1.7862e-07    7.044e-02     
467          466.0    -2.0020e-01   -1.7299e-07    9.405e-02     
468          467.0    -2.0020e-01   -1.7484e-07    4.890e-02     
469          468.0    -2.0020e-01   -1.7417e-07    7.689e-02     
470          469.0    -2.0020e-01   -1.6521e-07    6.095e-02     
471          470.0    -2.0020e-01   -1.6271e-07    5.924e-02     
472          471.0    -2.0020e-01   -1.6498e-07    5.389e-02     
473          472.0    -2.0020e-01   -1.5183e-07    4.561e-02     
474          473.0    -2.0020e-01   -1.5855e-07    8.018e-02     
475          474.0    -2.0020e-01   -1.6841e-07    6.290e-02     
476          475.0    -2.0020e-01   -1.5874e-07    4.598e-02     
477          476.0    -2.0020e-01   -1.7437e-07    4.914e-02     
478          477.0    -2.0020e-01   -1.5938e-07    4.671e-02     
479          478.0    -2.0020e-01   -1.5990e-07    7.543e-02     
480          479.0    -2.0020e-01   -1.5879e-07    1.988e+01     
481          480.0    -2.0020e-01   -1.5928e-07    1.992e+01     
482          481.0    -2.0020e-01   -1.6200e-07    1.991e+01     
483          482.0    -2.0020e-01   -2.0129e-07    1.996e+01     
484          483.0    -2.0020e-01   -2.0485e-07    1.993e+01     
485          484.0    -2.0020e-01   -2.1326e-07    1.994e+01     
486          485.0    -2.0020e-01   -2.1666e-07    1.991e+01     
487          486.0    -2.0020e-01   -2.1479e-07    1.990e+01     
488          487.0    -2.0020e-01   -2.1505e-07    1.993e+01     
489          488.0    -2.0020e-01   -2.2324e-07    1.996e+01     
490          489.0    -2.0020e-01   -2.2373e-07    1.992e+01     
491          490.0    -2.0020e-01   -2.1579e-07    1.994e+01     
492          491.0    -2.0020e-01   -2.2195e-07    1.994e+01     
493          492.0    -2.0020e-01   -2.3101e-07    1.994e+01     
494          493.0    -2.0020e-01   -2.1986e-07    1.993e+01     
495          494.0    -2.0020e-01   -2.3047e-07    1.993e+01     
496          495.0    -2.0020e-01   -2.3331e-07    1.996e+01     
497          496.0    -2.0020e-01   -2.3233e-07    1.993e+01     
498          497.0    -2.0020e-01   -2.3361e-07    1.996e+01     
499          498.0    -2.0020e-01   -2.3047e-07    1.994e+01     
500          499.0    -2.0020e-01   -2.2248e-07    9.794e-02     
501          500.0    -2.0020e-01   -2.3674e-07    8.687e-02     
502          501.0    -2.0020e-01   -2.3078e-07    9.040e-02     
503          502.0    -2.0020e-01   -2.0972e-07    4.707e-02     
504          503.0    -2.0020e-01   -1.9380e-07    7.872e-02     
505          504.0    -2.0020e-01   -1.9226e-07    7.154e-02     
506          505.0    -2.0020e-01   -1.8704e-07    8.407e-02     
507          506.0    -2.0020e-01   -1.8390e-07    6.302e-02     
508          507.0    -2.0020e-01   -1.7053e-07    5.292e-02     
509          508.0    -2.0020e-01   -1.7416e-07    4.866e-02     
510          509.0    -2.0020e-01   -1.7748e-07    5.815e-02     
511          510.0    -2.0020e-01   -1.6674e-07    7.713e-02     
512          511.0    -2.0020e-01   -1.7378e-07    7.300e-02     
513          512.0    -2.0020e-01   -1.6888e-07    5.146e-02     
514          513.0    -2.0020e-01   -1.6339e-07    4.914e-02     
515          514.0    -2.0020e-01   -1.5667e-07    6.034e-02     
516          515.0    -2.0020e-01   -1.6591e-07    8.176e-02     
517          516.0    -2.0020e-01   -1.7079e-07    5.559e-02     
518          517.0    -2.0020e-01   -1.6548e-07    1.116e-01     
519          518.0    -2.0020e-01   -1.5374e-07    6.922e-02     
520          519.0    -2.0020e-01   -1.6286e-07    5.000e+01     
521          520.0    -2.0020e-01   -1.5709e-07    5.004e+01     
522          521.0    -2.0020e-01   -1.8705e-07    5.003e+01     
523          522.0    -2.0020e-01   -2.3175e-07    5.005e+01     
524          523.0    -2.0020e-01   -2.4015e-07    5.005e+01     
525          524.0    -2.0020e-01   -2.4992e-07    5.005e+01     
526          525.0    -2.0020e-01   -2.4927e-07    5.006e+01     
527          526.0    -2.0020e-01   -2.6066e-07    5.003e+01     
528          527.0    -2.0020e-01   -2.4613e-07    5.007e+01     
529          528.0    -2.0020e-01   -2.6188e-07    5.003e+01     
530          529.0    -2.0020e-01   -2.5765e-07    5.006e+01     
531          530.0    -2.0020e-01   -2.5505e-07    5.006e+01     
532          531.0    -2.0020e-01   -2.5530e-07    5.008e+01     
533          532.0    -2.0020e-01   -2.6105e-07    5.004e+01     
534          533.0    -2.0020e-01   -2.5616e-07    5.005e+01     
535          534.0    -2.0020e-01   -2.6240e-07    5.006e+01     
536          535.0    -2.0020e-01   -2.6377e-07    5.004e+01     
537          536.0    -2.0020e-01   -2.5870e-07    5.004e+01     
538          537.0    -2.0020e-01   -2.6306e-07    5.004e+01     
539          538.0    -2.0020e-01   -2.5684e-07    5.003e+01     
540          539.0    -2.0020e-01   -2.6763e-07    5.007e+01     
541          540.0    -2.0020e-01   -2.6652e-07    5.004e+01     
542          541.0    -2.0020e-01   -2.5979e-07    5.011e+01     
543          542.0    -2.0020e-01   -2.6371e-07    5.003e+01     
544          543.0    -2.0020e-01   -2.5781e-07    5.007e+01     
545          544.0    -2.0020e-01   -2.7152e-07    5.001e+01     
546          545.0    -2.0020e-01   -2.7475e-07    5.007e+01     
547          546.0    -2.0020e-01   -2.6857e-07    5.002e+01     
548          547.0    -2.0020e-01   -2.6428e-07    5.004e+01     
549          548.0    -2.0020e-01   -2.5807e-07    5.004e+01     
550          549.0    -2.0020e-01   -2.7054e-07    5.005e+01     
551          550.0    -2.0020e-01   -2.7600e-07    5.004e+01     
552          551.0    -2.0020e-01   -2.6910e-07    5.000e+01     
553          552.0    -2.0020e-01   -2.7048e-07    5.006e+01     
554          553.0    -2.0020e-01   -2.6779e-07    5.002e+01     
555          554.0    -2.0020e-01   -2.7343e-07    5.004e+01     
556          555.0    -2.0020e-01   -2.6333e-07    5.007e+01     
557          556.0    -2.0020e-01   -2.6835e-07    5.008e+01     
558          557.0    -2.0020e-01   -2.7147e-07    5.005e+01     
559          558.0    -2.0020e-01   -2.7427e-07    5.012e+01     
560          559.0    -2.0020e-01   -2.6901e-07    1.212e-01     
561          560.0    -2.0020e-01   -2.7227e-07    7.957e-02     
562          561.0    -2.0020e-01   -2.5738e-07    1.118e-01     
563          562.0    -2.0020e-01   -2.3957e-07    6.910e-02     
564          563.0    -2.0020e-01   -2.2347e-07    7.482e-02     
565          564.0    -2.0020e-01   -2.1222e-07    7.166e-02     
566          565.0    -2.0020e-01   -2.0266e-07    5.949e-02     
567          566.0    -2.0020e-01   -2.0523e-07    1.738e-02     
568          567.0    -2.0020e-01   -1.9182e-07    2.760e-02     
569          568.0    -2.0020e-01   -1.8659e-07    4.780e-02     
570          569.0    -2.0020e-01   -1.7889e-07    6.034e-02     
571          570.0    -2.0020e-01   -1.8619e-07    2.322e-02     
572          571.0    -2.0020e-01   -1.7254e-07    2.167e-03     
573          572.0    -2.0020e-01   -1.7345e-07    2.979e-02     
574          573.0    -2.0020e-01   -1.7534e-07   -1.548e-02     
575          574.0    -2.0020e-01   -1.8523e-07    1.215e-02     
576          575.0    -2.0020e-01   -1.7559e-07    1.799e-02     
577          576.0    -2.0020e-01   -1.6777e-07    3.989e-02     
578          577.0    -2.0020e-01   -1.5627e-07    3.819e-02     
579          578.0    -2.0020e-01   -1.7332e-07    4.683e-02     
580          579.0    -2.0020e-01   -1.6596e-07    2.407e-02     
581          580.0    -2.0020e-01   -1.6941e-07    3.454e-02     
582          581.0    -2.0020e-01   -1.5955e-07    4.647e-02     
583          582.0    -2.0020e-01   -1.6427e-07    8.130e-03     
584          583.0    -2.0020e-01   -1.6566e-07    1.470e-02     
585          584.0    -2.0020e-01   -1.6633e-07    5.340e-02     
586          585.0    -2.0020e-01   -1.5133e-07    3.296e-02     
587          586.0    -2.0020e-01   -1.6440e-07    2.164e-02     
588          587.0    -2.0020e-01   -1.6383e-07    1.921e-02     
589          588.0    -2.0020e-01   -1.6631e-07    1.507e-02     
590          589.0    -2.0020e-01   -1.6116e-07    5.401e-02     
591          590.0    -2.0020e-01   -1.6278e-07    2.419e-02     
592          591.0    -2.0020e-01   -1.5464e-07    4.671e-02     
593          592.0    -2.0020e-01   -1.6012e-07   -8.056e-03     
594          593.0    -2.0020e-01   -1.6423e-07    2.286e-02     
595          594.0    -2.0020e-01   -1.6631e-07    1.738e-02     
596          595.0    -2.0020e-01   -1.7089e-07    1.860e-02     
597          596.0    -2.0020e-01   -1.5831e-07    4.926e-02     
598          597.0    -2.0020e-01   -1.4772e-07    2.140e-02     
599          598.0    -2.0020e-01   -1.5142e-07    5.511e-02     
600          599.0    -2.0020e-01   -1.5103e-07    1.003e+02     
601          600.0    -2.0020e-01   -1.6290e-07    1.002e+02     
602          601.0    -2.0020e-01   -2.4728e-07    1.003e+02     
603          602.0    -2.0020e-01   -2.7703e-07    1.002e+02     
604          603.0    -2.0020e-01   -2.7923e-07    1.003e+02     
605          604.0    -2.0020e-01   -2.8454e-07    1.003e+02     
606          605.0    -2.0020e-01   -2.9159e-07    1.002e+02     
607          606.0    -2.0020e-01   -2.8626e-07    1.002e+02     
608          607.0    -2.0020e-01   -2.8876e-07    1.003e+02     
609          608.0    -2.0020e-01   -2.9094e-07    1.002e+02     
610          609.0    -2.0020e-01   -2.8569e-07    1.003e+02     
611          610.0    -2.0020e-01   -2.8855e-07    1.003e+02     
612          611.0    -2.0020e-01   -3.0468e-07    1.003e+02     
613          612.0    -2.0020e-01   -2.9747e-07    1.002e+02     
614          613.0    -2.0020e-01   -2.9767e-07    1.003e+02     
615          614.0    -2.0020e-01   -2.9631e-07    1.002e+02     
616          615.0    -2.0020e-01   -3.0630e-07    1.002e+02     
617          616.0    -2.0020e-01   -2.9248e-07    1.002e+02     
618          617.0    -2.0020e-01   -3.0940e-07    1.002e+02     
619          618.0    -2.0020e-01   -3.0635e-07    1.002e+02     
620          619.0    -2.0020e-01   -3.0550e-07    1.002e+02     
621          620.0    -2.0020e-01   -3.0256e-07    1.002e+02     
622          621.0    -2.0020e-01   -3.0702e-07    1.002e+02     
623          622.0    -2.0020e-01   -3.0530e-07    1.003e+02     
624          623.0    -2.0020e-01   -3.0639e-07    1.002e+02     
625          624.0    -2.0020e-01   -3.0264e-07    1.002e+02     
626          625.0    -2.0020e-01   -3.1049e-07    1.002e+02     
627          626.0    -2.0020e-01   -3.0716e-07    1.003e+02     
628          627.0    -2.0020e-01   -3.0460e-07    1.003e+02     
629          628.0    -2.0020e-01   -3.0798e-07    1.002e+02     
630          629.0    -2.0020e-01   -3.1711e-07    1.002e+02     
631          630.0    -2.0020e-01   -3.0859e-07    1.002e+02     
632          631.0    -2.0020e-01   -3.0403e-07    1.002e+02     
633          632.0    -2.0020e-01   -3.1553e-07    1.002e+02     
634          633.0    -2.0020e-01   -3.0454e-07    1.003e+02     
635          634.0    -2.0020e-01   -3.0832e-07    1.003e+02     
636          635.0    -2.0020e-01   -3.1732e-07    1.003e+02     
637          636.0    -2.0020e-01   -3.0492e-07    1.002e+02     
638          637.0    -2.0020e-01   -3.0931e-07    1.003e+02     
639          638.0    -2.0020e-01   -3.1327e-07    1.002e+02     
640          639.0    -2.0020e-01   -3.0783e-07    7.847e-02     
641          640.0    -2.0020e-01   -3.0055e-07    2.967e-02     
642          641.0    -2.0020e-01   -2.7303e-07    6.460e-02     
643          642.0    -2.0020e-01   -2.5534e-07    1.040e-01     
644          643.0    -2.0020e-01   -2.2975e-07    8.383e-02     
645          644.0    -2.0020e-01   -2.2446e-07    9.076e-02     
646          645.0    -2.0020e-01   -2.0999e-07    8.018e-02     
647          646.0    -2.0020e-01   -2.0458e-07    5.571e-02     
648          647.0    -2.0020e-01   -2.1398e-07    5.206e-02     
649          648.0    -2.0020e-01   -1.8993e-07    4.574e-02     
650          649.0    -2.0020e-01   -1.9762e-07    5.206e-02     
651          650.0    -2.0020e-01   -1.8999e-07    2.626e-02     
652          651.0    -2.0020e-01   -1.9444e-07    3.357e-02     
653          652.0    -2.0020e-01   -1.8371e-07    7.506e-02     
654          653.0    -2.0020e-01   -1.8198e-07    8.468e-02     
655          654.0    -2.0020e-01   -1.7925e-07    8.054e-02     
656          655.0    -2.0020e-01   -1.7833e-07    9.186e-02     
657          656.0    -2.0020e-01   -1.6797e-07    9.198e-02     
658          657.0    -2.0020e-01   -1.8539e-07    1.251e-02     
659          658.0    -2.0020e-01   -1.7583e-07    2.067e-02     
660          659.0    -2.0020e-01   -1.5498e-07    5.194e-02     
661          660.0    -2.0020e-01   -1.7059e-07    5.791e-02     
662          661.0    -2.0020e-01   -1.7699e-07    7.263e-02     
663          662.0    -2.0020e-01   -1.6838e-07    5.754e-02     
664          663.0    -2.0020e-01   -1.7996e-07    7.677e-02     
665          664.0    -2.0020e-01   -1.6297e-07    8.285e-02     
666          665.0    -2.0020e-01   -1.6992e-07    1.009e-01     
667          666.0    -2.0020e-01   -1.7035e-07    6.180e-02     
668          667.0    -2.0020e-01   -1.7871e-07    1.166e-01     
669          668.0    -2.0020e-01   -1.6842e-07    7.835e-02     
670          669.0    -2.0020e-01   -1.7173e-07    5.644e-02     
671          670.0    -2.0020e-01   -1.7145e-07    6.448e-02     
672          671.0    -2.0020e-01   -1.7055e-07    5.146e-02     
673          672.0    -2.0020e-01   -1.6068e-07    7.713e-02     
674          673.0    -2.0020e-01   -1.5776e-07    7.141e-02     
675          674.0    -2.0020e-01   -1.7065e-07    7.506e-02     
676          675.0    -2.0020e-01   -1.6169e-07    7.957e-02     
677          676.0    -2.0020e-01   -1.6559e-07    8.504e-02     
678          677.0    -2.0020e-01   -1.7105e-07    8.310e-02     
679          678.0    -2.0020e-01   -1.6216e-07    6.192e-02     
680          679.0    -2.0020e-01   -1.6321e-07    3.989e-02     
681          680.0    -2.0020e-01   -1.4756e-07    6.399e-02     
682          681.0    -2.0020e-01   -1.5900e-07    1.112e-01     
683          682.0    -2.0020e-01   -1.5928e-07    6.728e-02     
684          683.0    -2.0020e-01   -1.5573e-07    9.344e-02     
685          684.0    -2.0020e-01   -1.4942e-07    9.636e-02     
686          685.0    -2.0020e-01   -1.5082e-07    1.056e-01     
687          686.0    -2.0020e-01   -1.5979e-07    6.326e-02     
688          687.0    -2.0020e-01   -1.5390e-07    1.028e-01     
689          688.0    -2.0020e-01   -1.3999e-07    5.279e-02     
690          689.0    -2.0020e-01   -1.5365e-07    4.391e-02     
691          690.0    -2.0020e-01   -1.4574e-07    5.523e-02     
692          691.0    -2.0020e-01   -1.5546e-07    1.251e-02     
693          692.0    -2.0020e-01   -1.5571e-07    9.551e-02     
694          693.0    -2.0020e-01   -1.5267e-07    7.275e-02     
695          694.0    -2.0020e-01   -1.6730e-07    6.606e-02     
696          695.0    -2.0020e-01   -1.5596e-07    5.413e-02     
697          696.0    -2.0020e-01   -1.4940e-07    3.490e-02     
698          697.0    -2.0020e-01   -1.5101e-07    6.387e-02     
699          698.0    -2.0020e-01   -1.4793e-07    8.334e-02     
700          699.0    -2.0020e-01   -1.5211e-07    6.569e-02     
701          700.0    -2.0020e-01   -1.5259e-07    8.711e-02     
702          701.0    -2.0020e-01   -1.5091e-07    7.470e-02     
703          702.0    -2.0020e-01   -1.5375e-07    1.799e-02     
704          703.0    -2.0020e-01   -1.4625e-07    8.760e-02     
705          704.0    -2.0020e-01   -1.5019e-07    6.959e-02     
706          705.0    -2.0020e-01   -1.6036e-07    2.931e-02     
707          706.0    -2.0020e-01   -1.4913e-07    7.275e-02     
708          707.0    -2.0020e-01   -1.5014e-07    2.821e-02     
709          708.0    -2.0020e-01   -1.5287e-07    7.178e-02     
710          709.0    -2.0020e-01   -1.5131e-07    1.060e-01     
711          710.0    -2.0020e-01   -1.4614e-07    1.121e-01     
712          711.0    -2.0020e-01   -1.4634e-07    4.099e-02     
713          712.0    -2.0020e-01   -1.5907e-07    6.277e-02     
714          713.0    -2.0020e-01   -1.5294e-07    4.549e-02     
715          714.0    -2.0020e-01   -1.5016e-07    9.490e-02     
716          715.0    -2.0020e-01   -1.4624e-07    3.831e-02     
717          716.0    -2.0020e-01   -1.4270e-07    4.574e-02     
718          717.0    -2.0020e-01   -1.4802e-07    6.874e-02     
719          718.0    -2.0020e-01   -1.3927e-07    9.734e-02     
720          719.0    -2.0020e-01   -1.4849e-07    7.312e-02     
721          720.0    -2.0020e-01   -1.3922e-07    7.312e-02     

